1,corpus1/1/clueweb12-0000tw-13-04988,538,0
2,corpus1/1/clueweb12-0000tw-14-17002,305,0
3,corpus1/1/clueweb12-0000tw-14-17002.txt,305,0
4,corpus1/1/clueweb12-0000tw-32-07334,752,0
5,corpus1/1/clueweb12-0000tw-32-07334.txt,752,0
6,corpus1/1/clueweb12-0000tw-35-20780,857,0
7,corpus1/1/clueweb12-0000tw-35-20780.txt,857,0
8,corpus1/1/clueweb12-0000tw-40-10838,2505,0
9,corpus1/1/clueweb12-0000tw-40-10838.txt,2505,0
10,corpus1/1/clueweb12-0000tw-44-14021,2806,0
11,corpus1/1/clueweb12-0000tw-44-14021.txt,2806,0
12,corpus1/2/clueweb12-0404wb-51-04306,1013,0
13,corpus1/2/clueweb12-0404wb-62-20172,484,0
14,corpus1/2/clueweb12-0404wb-70-16814,1544,0
15,corpus1/2/clueweb12-0404wb-81-34594,556,0
16,corpus1/2/clueweb12-0404wb-83-26707,1529,0
17,corpus1/2/clueweb12-0404wb-96-09863,1284,0
18,corpus1/2/clueweb12-0404wb-96-09874,1113,0
19,corpus1/2/clueweb12-0405wb-23-16415,1216,0
20,corpus1/2/clueweb12-0405wb-40-20452,2982,0
21,corpus1/2/clueweb12-0405wb-50-23725,1847,0
22,corpus1/2/clueweb12-0405wb-54-18648,2153,0
23,corpus1/3/clueweb12-1111wb-06-20659,13198,0
24,corpus1/3/clueweb12-1111wb-42-16685,3002,0
25,corpus1/3/clueweb12-1111wb-49-35081,12268,0
26,corpus1/3/clueweb12-1111wb-53-13591,2485,0
27,corpus1/3/clueweb12-1111wb-57-39367,2382,0
28,corpus1/3/clueweb12-1111wb-59-15334,459,0
29,corpus1/3/clueweb12-1111wb-61-25620,2476,0
30,corpus1/3/clueweb12-1111wb-64-07274,738,0
31,corpus1/3/clueweb12-1112wb-14-23396,1285,0
32,corpus1/3/clueweb12-1112wb-22-06680,1401,0
33,corpus1/3/clueweb12-1112wb-71-02492,1581,0
