11 1 4 3 53 22 22 1 1 3 1 1 3 1 2 3 111 1 2 3 111 1 1 3 1 1 3 1 4 3 85 13 22 1 4 3 85 13 22 1 2 3 24 1 2 3 24
4 2 6 79 17 14 18 1 1 1 6 79 17 14 18 1 1 7 2 86 1 1 2 86 1
2 4 1 115 1 1 115
11 1 1 18 1 1 18 1 1 18 1 1 18 1 1 18 1 1 18 1 1 18 1 1 18 1 1 18 1 1 18 1 1 18
5 1 2 94 21 1 4 78 17 14 16 1 4 78 17 14 16 5 2 73 65 1 2 73 65
1 1 1 13
11 1 1 10 1 1 10 1 1 10 1 1 10 1 1 10 1 2 10 30 1 2 10 30 1 1 10 1 1 10 1 3 10 31 61 1 3 10 31 61
2 2 2 12 51 1 2 12 51
1 1 2 92 21
1 1 1 20
2 10 2 101 16 1 2 101 16
2 2 1 62 1 1 62
2 4 1 20 1 1 20
6 6 1 76 1 1 76 1 3 12 62 65 1 3 12 62 65 1 2 12 106 1 2 12 106
2 8 1 130 1 1 130
2 4 1 86 1 1 86
11 1 2 2 53 1 5 2 51 1 15 1 1 5 2 51 1 15 1 1 5 2 63 1 149 164 1 5 2 63 1 149 164 1 3 2 63 1 1 3 2 63 1 1 18 2 62 1 30 2 1830 35 29 40 35 49 84 38 29 40 35 49 68 1 18 2 62 1 30 2 1830 35 29 40 35 49 84 38 29 40 35 49 68 1 6 2 59 1 66 1 2114 1 6 2 59 1 66 1 2114
8 4 1 712 1 1 712 1 1 12 1 1 12 1 2 26 1512 1 2 26 1512 1 2 2330 254 1 2 2330 254
4 2 1 155 1 1 155 7 1 2334 1 1 2334
2 2 1 26 1 1 26
2 6 1 763 1 1 763
2 8 1 20 1 1 20
2 6 1 25 1 1 25
11 1 2 89 21 1 1 59 1 1 59 1 1 71 1 1 71 1 3 41 30 77 1 3 41 30 77 1 2 1434 282 1 2 1434 282 1 2 82 157 1 2 82 157
2 8 1 62 1 1 62
1 1 1 11
2 2 1 11 1 1 11
2 4 1 11 1 1 11
2 6 1 11 1 1 11
4 8 2 70 65 1 2 70 65 1 3 85 13 16 1 3 85 13 16
2 8 1 11 1 1 11
2 10 1 11 1 1 11
3 1 1 19 5 1 75 1 1 75
2 10 1 94 1 1 94
2 6 1 533 1 1 533
2 8 1 27 1 1 27
2 2 1 19 1 1 19
2 10 1 20 1 1 20
1 1 1 61
2 8 1 50 1 1 50
2 10 1 124 1 1 124
2 10 1 123 1 1 123
1 1 1 53
1 1 1 27
2 4 1 25 1 1 25
2 2 1 149 1 1 149
2 4 1 96 1 1 96
2 8 1 1678 1 1 1678
2 6 1 26 1 1 26
2 4 1 63 1 1 63
2 2 1 51 1 1 51
8 2 3 80 17 14 1 3 80 17 14 1 1 81 1 1 81 3 1 75 1 1 75 1 1 658 1 1 658
2 2 1 20 1 1 20
2 8 1 25 1 1 25
2 6 1 569 1 1 569
2 8 1 13 1 1 13
2 8 1 140 1 1 140
3 1 1 24 7 1 24 1 1 24
2 2 1 25 1 1 25
4 4 2 74 10 1 2 74 10 5 1 25 1 1 25
4 4 1 26 1 1 26 1 1 596 1 1 596
2 2 4 82 17 14 14 1 4 82 17 14 14
2 10 1 84 1 1 84
2 10 1 2787 1 1 2787
2 10 1 1140 1 1 1140
5 1 1 77 3 3 270 157 241 1 3 270 157 241 3 20 79 1 4 1 7 2 8 23 1804 35 29 40 35 49 59 63 29 40 35 49 1 20 79 1 4 1 7 2 8 23 1804 35 29 40 35 49 59 63 29 40 35 49
2 4 2 12 63 1 2 12 63
11 1 1 57 1 1 55 1 1 55 1 2 67 327 1 2 67 327 1 1 67 1 1 67 1 1 66 1 1 66 1 1 63 1 1 63
2 4 1 735 1 1 735
2 10 1 351 1 1 351
2 10 1 352 1 1 352
2 6 12 240 334 3 3 3 3 3 3 3 3 3 3 1 12 240 334 3 3 3 3 3 3 3 3 3 3
6 4 1 736 1 1 736 1 12 538 3 3 3 3 3 3 3 3 3 3 3 1 12 538 3 3 3 3 3 3 3 3 3 3 3 1 5 197 1235 104 139 38 1 5 197 1235 104 139 38
11 1 3 9 82 21 1 3 9 52 239 1 3 9 52 239 1 3 9 64 10 1 3 9 64 10 1 7 9 30 34 76 383 3 70 1 7 9 30 34 76 383 3 70 1 4 9 63 65 2356 1 4 9 63 65 2356 1 6 9 31 60 16 124 2407 1 6 9 31 60 16 124 2407
2 2 1 24 1 1 24
2 6 1 20 1 1 20
2 6 1 24 1 1 24
2 6 2 27 566 1 2 27 566
4 6 1 74 1 1 74 1 2 81 5 1 2 81 5
2 6 1 572 1 1 572
2 10 1 2551 1 1 2551
2 6 1 575 1 1 575
2 6 1 581 1 1 581
2 6 1 578 1 1 578
2 4 1 27 1 1 27
2 6 1 557 1 1 557
2 6 1 563 1 1 563
6 6 1 599 1 1 599 1 1 1435 1 1 1435 1 1 2331 1 1 2331
1 1 1 26
2 6 1 560 1 1 560
2 8 1 103 1 1 103
2 6 2 566 18 1 2 566 18
4 4 1 387 1 1 387 5 1 103 1 1 103
2 6 1 548 1 1 548
2 6 1 542 1 1 542
2 10 1 242 1 1 242
2 6 1 545 1 1 545
6 4 1 404 1 1 404 3 4 196 1235 104 157 1 4 196 1235 104 157 1 2 241 686 1 2 241 686
2 6 1 554 1 1 554
2 6 1 539 1 1 539
2 4 1 19 1 1 19
2 8 1 1539 1 1 1539
4 2 1 64 1 1 64 3 1 19 1 1 19
2 6 1 590 1 1 590
2 2 1 13 1 1 13
2 6 1 551 1 1 551
2 4 1 113 1 1 113
2 6 1 587 1 1 587
2 4 1 85 1 1 85
2 10 1 126 1 1 126
2 6 1 536 1 1 536
2 6 1 63 1 1 63
2 4 1 89 1 1 89
4 4 1 476 1 1 476 3 4 98 28 579 714 1 4 98 28 579 714
2 8 1 19 1 1 19
2 10 1 19 1 1 19
2 10 1 139 1 1 139
1 1 3 12 81 21
2 4 1 90 1 1 90
9 1 1 73 1 1 153 1 1 153 1 2 380 160 1 2 380 160 3 2 100 1574 1 2 100 1574 1 3 929 1394 6 1 3 929 1394 6
6 4 1 76 1 1 76 3 1 1560 1 1 1560 1 3 24 907 1401 1 3 24 907 1401
1 1 1 79
2 4 1 13 1 1 13
2 2 3 81 17 14 1 3 81 17 14
2 6 1 13 1 1 13
2 6 1 602 1 1 602
2 10 1 119 1 1 119
2 10 1 13 1 1 13
4 4 5 45 72 41 439 109 1 5 45 72 41 439 109 3 1 1712 1 1 1712
2 2 1 27 1 1 27
5 1 1 72 7 2 1497 180 1 2 1497 180 1 1 930 1 1 930
2 10 1 914 1 1 914
4 8 1 1698 1 1 1698 1 1 2333 1 1 2333
11 1 1 68 1 1 146 1 1 146 1 1 108 1 1 108 1 3 102 322 63 1 3 102 322 63 1 1 150 1 1 150 1 1 73 1 1 73
1 1 1 25
2 10 1 111 1 1 111
2 10 1 59 1 1 59
2 10 1 26 1 1 26
2 8 1 90 1 1 90
2 8 4 89 35 1591 419 1 4 89 35 1591 419
2 10 1 79 1 1 79
2 4 1 24 1 1 24
2 10 1 2440 1 1 2440
2 8 1 1388 1 1 1388
2 8 1 2395 1 1 2395
3 1 1 427 3 1 449 1 1 449
2 10 1 2375 1 1 2375
2 4 1 130 1 1 130
2 10 1 1751 1 1 1751
2 10 1 725 1 1 725
2 6 1 514 1 1 514
6 4 2 91 7 1 2 91 7 1 1 191 1 1 191 3 1 91 1 1 91
2 6 1 471 1 1 471
2 8 3 211 168 294 1 3 211 168 294
4 2 4 181 5 12 5 1 4 181 5 12 5 1 1 143 1 1 143
2 4 1 128 1 1 128
2 8 1 268 1 1 268
2 8 1 1399 1 1 1399
2 8 1 800 1 1 800
2 8 2 254 603 1 2 254 603
2 2 1 232 1 1 232
4 8 1 817 1 1 817 1 2 526 641 1 2 526 641
6 6 1 213 1 1 213 1 1 1063 1 1 1063 1 3 1563 117 56 1 3 1563 117 56
4 8 1 629 1 1 629 1 1 2338 1 1 2338
2 8 1 2396 1 1 2396
2 8 1 229 1 1 229
6 2 1 297 1 1 297 5 5 685 67 81 53 735 1 5 685 67 81 53 735 1 1 1580 1 1 1580
2 10 3 235 1745 213 1 3 235 1745 213
4 8 2 727 1100 1 2 727 1100 1 1 2515 1 1 2515
2 8 1 1024 1 1 1024
4 8 1 1611 1 1 1611 1 1 2227 1 1 2227
11 1 2 23 500 1 1 23 1 1 23 1 1 23 1 1 23 1 2 23 174 1 2 23 174 1 1 23 1 1 23 1 4 23 470 1940 275 1 4 23 470 1940 275
2 6 1 683 1 1 683
2 10 1 803 1 1 803
2 10 1 2690 1 1 2690
2 6 1 730 1 1 730
10 2 1 292 1 1 292 1 1 720 1 1 720 1 3 124 488 24 1 3 124 488 24 1 2 1891 41 1 2 1891 41 1 5 1306 855 374 1 105 1 5 1306 855 374 1 105
2 8 1 1246 1 1 1246
2 8 5 1901 102 100 175 100 1 5 1901 102 100 175 100
2 10 1 2439 1 1 2439
2 10 1 2349 1 1 2349
4 4 1 732 1 1 732 1 1 329 1 1 329
4 6 6 51 61 22 30 80 190 1 6 51 61 22 30 80 190 3 8 204 46 14 1144 315 302 41 25 1 8 204 46 14 1144 315 302 41 25
2 10 1 2016 1 1 2016
7 1 2 99 162 3 2 509 30 1 2 509 30 3 1 1369 1 1 1369 1 2 78 47 1 2 78 47
2 8 1 490 1 1 490
2 10 1 106 1 1 106
2 4 1 650 1 1 650
2 2 1 178 1 1 178
2 6 1 520 1 1 520
2 10 2 2436 6 1 2 2436 6
2 10 3 191 1844 400 1 3 191 1844 400
2 8 1 1382 1 1 1382
2 10 1 2225 1 1 2225
2 2 2 151 7 1 2 151 7
2 8 1 1007 1 1 1007
1 1 1 38
2 10 1 460 1 1 460
2 10 1 184 1 1 184
2 10 3 743 156 481 1 3 743 156 481
2 6 1 313 1 1 313
2 8 1 1270 1 1 1270
6 4 8 193 70 38 9 53 71 25 121 1 8 193 70 38 9 53 71 25 121 3 8 406 111 363 113 49 128 298 42 1 8 406 111 363 113 49 128 298 42 1 4 301 240 714 753 1 4 301 240 714 753
2 10 1 2513 1 1 2513
2 10 1 1482 1 1 1482
2 8 1 923 1 1 923
2 10 1 2772 1 1 2772
4 8 2 1357 39 1 2 1357 39 1 1 2581 1 1 2581
4 6 2 502 17 1 2 502 17 1 2 680 16 1 2 680 16
2 10 1 1291 1 1 1291
4 4 1 229 1 1 229 3 1 1012 1 1 1012
2 8 1 2397 1 1 2397
2 8 1 1099 1 1 1099
2 8 2 1094 20 1 2 1094 20
3 1 1 478 9 2 1503 1259 1 2 1503 1259
2 4 1 659 1 1 659
2 10 1 2800 1 1 2800
2 6 1 435 1 1 435
4 8 2 895 193 1 2 895 193 1 1 1526 1 1 1526
3 1 1 298 7 2 627 592 1 2 627 592
5 1 6 161 66 2 11 16 187 3 4 482 6 1 31 1 4 482 6 1 31 3 6 328 24 42 309 142 961 1 6 328 24 42 309 142 961
2 2 9 38 48 32 41 3 18 93 25 3 1 9 38 48 32 41 3 18 93 25 3
2 10 1 2441 1 1 2441
6 2 1 67 1 1 67 3 1 79 1 1 79 1 1 78 1 1 78
2 2 1 253 1 1 253
2 10 1 2775 1 1 2775
4 6 2 272 397 1 2 272 397 3 3 533 641 416 1 3 533 641 416
2 8 2 2085 275 1 2 2085 275
11 1 1 47 1 1 45 1 1 45 1 1 57 1 1 57 1 1 57 1 1 57 1 1 56 1 1 56 1 1 53 1 1 53
2 6 1 834 1 1 834
2 10 5 600 605 357 117 165 1 5 600 605 357 117 165
2 6 1 478 1 1 478
2 6 2 561 36 1 2 561 36
2 6 1 528 1 1 528
2 10 1 1619 1 1 1619
2 10 2 1348 56 1 2 1348 56
2 10 1 993 1 1 993
2 8 1 1071 1 1 1071
1 1 1 371
2 10 1 2773 1 1 2773
5 1 1 308 3 1 269 1 1 269 3 2 338 109 1 2 338 109
2 4 1 265 1 1 265
6 4 2 41 636 1 2 41 636 1 4 247 23 14 363 1 4 247 23 14 363 1 2 1502 390 1 2 1502 390
2 8 2 1614 784 1 2 1614 784
2 10 1 2771 1 1 2771
2 10 1 2230 1 1 2230
2 8 5 170 1083 685 275 271 1 5 170 1083 685 275 271
1 1 1 83
2 10 1 1697 1 1 1697
2 8 3 575 7 49 1 3 575 7 49
1 1 1 75
2 10 1 2207 1 1 2207
4 8 2 645 423 1 2 645 423 1 2 699 533 1 2 699 533
4 8 1 778 1 1 778 1 1 1497 1 1 1497
2 10 1 1194 1 1 1194
2 8 1 996 1 1 996
2 8 1 2400 1 1 2400
2 8 2 37 70 1 2 37 70
2 8 2 481 21 1 2 481 21
2 10 2 1231 135 1 2 1231 135
4 8 2 455 146 1 2 455 146 1 1 2285 1 1 2285
2 10 1 1769 1 1 1769
2 8 1 2147 1 1 2147
2 8 1 1022 1 1 1022
2 6 2 549 36 1 2 549 36
6 6 2 281 434 1 2 281 434 1 3 215 1110 7 1 3 215 1110 7 1 1 409 1 1 409
2 10 1 1193 1 1 1193
4 6 1 725 1 1 725 3 1 1690 1 1 1690
2 8 1 2401 1 1 2401
2 8 1 2453 1 1 2453
2 8 1 695 1 1 695
2 8 1 1792 1 1 1792
4 8 1 1529 1 1 1529 1 2 684 363 1 2 684 363
2 8 4 1380 5 8 7 1 4 1380 5 8 7
2 6 1 524 1 1 524
2 10 1 2438 1 1 2438
2 6 1 32 1 1 32
2 8 1 574 1 1 574
2 10 3 331 383 1988 1 3 331 383 1988
2 10 1 2602 1 1 2602
4 8 1 248 1 1 248 1 1 2063 1 1 2063
2 10 1 2636 1 1 2636
1 1 1 474
4 4 1 382 1 1 382 3 2 546 193 1 2 546 193
1 1 1 365
2 10 1 1134 1 1 1134
3 1 4 41 88 2 310 7 1 1848 1 1 1848
2 10 1 2608 1 1 2608
2 10 1 1721 1 1 1721
3 1 2 186 3 7 4 1549 60 463 275 1 4 1549 60 463 275
2 8 4 909 173 73 527 1 4 909 173 73 527
2 8 1 966 1 1 966
2 10 3 745 637 421 1 3 745 637 421
3 1 1 356 9 1 1453 1 1 1453
2 8 1 1641 1 1 1641
4 6 1 748 1 1 748 3 4 895 346 37 397 1 4 895 346 37 397
2 8 1 999 1 1 999
2 10 1 2635 1 1 2635
2 8 2 848 715 1 2 848 715
5 1 2 123 299 3 6 47 72 35 6 16 10 1 6 47 72 35 6 16 10 3 14 46 109 27 6 126 353 275 482 22 281 22 29 21 44 1 14 46 109 27 6 126 353 275 482 22 281 22 29 21 44
2 10 5 291 28 65 22 283 1 5 291 28 65 22 283
2 10 2 2116 434 1 2 2116 434
2 8 1 1335 1 1 1335
2 8 1 2127 1 1 2127
2 8 2 1364 372 1 2 1364 372
2 8 2 2086 275 1 2 2086 275
4 6 1 814 1 1 814 3 1 1788 1 1 1788
2 4 1 111 1 1 111
2 6 1 513 1 1 513
2 10 1 2031 1 1 2031
2 8 1 1130 1 1 1130
2 8 1 2402 1 1 2402
2 10 3 2359 25 169 1 3 2359 25 169
2 10 1 712 1 1 712
2 6 1 421 1 1 421
2 8 1 1103 1 1 1103
2 8 1 1696 1 1 1696
6 6 1 227 1 1 227 1 5 173 1335 460 275 244 1 5 173 1335 460 275 244 1 1 650 1 1 650
2 10 1 163 1 1 163
5 1 5 291 3 28 24 107 3 8 243 5 9 24 128 7 57 198 1 8 243 5 9 24 128 7 57 198 3 20 483 21 49 32 37 187 29 1056 47 28 27 41 62 117 28 27 41 62 29 2 1 20 483 21 49 32 37 187 29 1056 47 28 27 41 62 117 28 27 41 62 29 2
2 10 1 2233 1 1 2233
2 10 1 167 1 1 167
1 1 1 178
2 8 1 1531 1 1 1531
6 4 2 453 40 1 2 453 40 3 4 296 21 498 134 1 4 296 21 498 134 1 1 2214 1 1 2214
2 8 3 1897 102 275 1 3 1897 102 275
2 8 1 1171 1 1 1171
2 8 1 2140 1 1 2140
5 1 3 385 21 54 3 4 277 8 49 14 1 4 277 8 49 14 3 5 1079 34 25 34 64 1 5 1079 34 25 34 64
2 4 2 738 13 1 2 738 13
2 10 2 563 867 1 2 563 867
1 1 1 466
2 8 2 2087 275 1 2 2087 275
2 6 3 259 138 454 1 3 259 138 454
2 8 1 2408 1 1 2408
2 10 1 1576 1 1 1576
2 10 1 1971 1 1 1971
2 8 2 2088 275 1 2 2088 275
2 10 1 1386 1 1 1386
2 8 1 1532 1 1 1532
2 2 1 289 1 1 289
2 6 1 488 1 1 488
2 8 1 720 1 1 720
1 1 1 409
4 6 1 522 1 1 522 1 2 2044 275 1 2 2044 275
2 8 4 764 5 28 833 1 4 764 5 28 833
2 8 1 834 1 1 834
2 8 1 2411 1 1 2411
2 8 1 2412 1 1 2412
2 4 1 93 1 1 93
2 10 1 2443 1 1 2443
3 1 3 185 9 282 7 2 1477 131 1 2 1477 131
7 1 3 96 6 5 1 3 122 10 5 1 3 122 10 5 5 1 122 1 1 122 1 3 74 60 3 1 3 74 60 3
2 10 1 1339 1 1 1339
4 4 4 365 10 15 199 1 4 365 10 15 199 3 4 988 3 23 602 1 4 988 3 23 602
2 8 1 615 1 1 615
4 8 5 353 136 273 219 241 1 5 353 136 273 219 241 1 2 1604 7 1 2 1604 7
4 4 1 204 1 1 204 3 4 734 1037 24 33 1 4 734 1037 24 33
2 10 1 2294 1 1 2294
4 6 1 402 1 1 402 1 1 1866 1 1 1866
5 1 2 263 162 3 2 517 16 1 2 517 16 3 2 921 592 1 2 921 592
2 10 1 2291 1 1 2291
2 8 1 1140 1 1 1140
2 8 1 704 1 1 704
2 8 1 2155 1 1 2155
2 8 1 1877 1 1 1877
2 8 1 1823 1 1 1823
2 8 2 1693 443 1 2 1693 443
5 1 2 156 102 3 1 649 1 1 649 3 2 648 138 1 2 648 138
2 10 1 2781 1 1 2781
2 10 1 1914 1 1 1914
2 8 1 654 1 1 654
2 8 1 259 1 1 259
2 8 1 1379 1 1 1379
2 10 4 555 867 266 247 1 4 555 867 266 247
2 10 2 1811 802 1 2 1811 802
3 1 1 173 7 2 198 1695 1 2 198 1695
6 4 3 469 29 17 1 3 469 29 17 3 5 253 87 139 44 991 1 5 253 87 139 44 991 1 1 1809 1 1 1809
2 10 1 971 1 1 971
2 8 1 2413 1 1 2413
2 4 1 571 1 1 571
2 8 2 2040 275 1 2 2040 275
5 1 1 238 3 2 442 60 1 2 442 60 3 2 2128 306 1 2 2128 306
2 8 1 336 1 1 336
2 8 1 389 1 1 389
2 10 1 2552 1 1 2552
4 8 1 1438 1 1 1438 1 2 785 896 1 2 785 896
2 8 1 2415 1 1 2415
2 8 1 1688 1 1 1688
2 8 1 1209 1 1 1209
2 10 1 1089 1 1 1089
11 1 1 66 1 1 144 1 1 144 1 1 106 1 1 106 1 1 100 1 1 100 1 1 148 1 1 148 1 1 71 1 1 71
2 10 1 2234 1 1 2234
4 8 1 1663 1 1 1663 1 2 2508 195 1 2 2508 195
4 4 2 313 19 1 2 313 19 3 5 358 627 17 513 49 1 5 358 627 17 513 49
1 1 1 355
2 8 1 2416 1 1 2416
2 8 2 1303 168 1 2 1303 168
2 8 8 1493 406 73 29 41 205 29 41 1 8 1493 406 73 29 41 205 29 41
5 1 25 120 4 14 10 3 12 19 29 21 41 15 26 15 38 9 6 13 7 17 15 23 6 4 17 4 3 36 50 72 35 6 2 15 11 26 15 14 15 11 7 21 9 17 29 7 9 14 21 6 21 25 20 6 41 17 4 15 38 8 14 22 11 10 1 36 50 72 35 6 2 15 11 26 15 14 15 11 7 21 9 17 29 7 9 14 21 6 21 25 20 6 41 17 4 15 38 8 14 22 11 10 3 66 49 103 33 6 16 15 22 58 20 48 42 3 44 7 28 55 70 39 34 24 22 29 60 25 2 5 17 2 62 11 19 38 20 6 7 51 27 43 7 28 72 24 134 30 5 23 19 19 20 12 13 17 12 45 28 21 39 4 4 16 3 10 14 21 44 7 1 66 49 103 33 6 16 15 22 58 20 48 42 3 44 7 28 55 70 39 34 24 22 29 60 25 2 5 17 2 62 11 19 38 20 6 7 51 27 43 7 28 72 24 134 30 5 23 19 19 20 12 13 17 12 45 28 21 39 4 4 16 3 10 14 21 44 7
2 8 1 1428 1 1 1428
2 10 2 1016 695 1 2 1016 695
2 8 6 425 46 241 98 29 788 1 6 425 46 241 98 29 788
2 10 1 788 1 1 788
2 10 1 394 1 1 394
2 8 1 639 1 1 639
2 10 1 2099 1 1 2099
2 10 1 2737 1 1 2737
2 10 1 2519 1 1 2519
2 4 1 421 1 1 421
2 10 1 2434 1 1 2434
2 10 1 677 1 1 677
6 6 1 442 1 1 442 1 1 1217 1 1 1217 1 1 1137 1 1 1137
2 8 1 1352 1 1 1352
6 6 1 399 1 1 399 1 1 1863 1 1 1863 1 1 1994 1 1 1994
2 10 2 1360 513 1 2 1360 513
3 1 1 285 7 1 683 1 1 683
9 1 1 118 3 1 101 1 1 101 1 1 95 1 1 95 1 2 143 841 1 2 143 841 1 2 132 2183 1 2 132 2183
5 1 1 299 3 1 258 1 1 258 3 3 591 2 35 1 3 591 2 35
11 1 1 17 1 1 17 1 1 17 1 1 17 1 1 17 1 1 17 1 1 17 1 1 17 1 1 17 1 1 17 1 1 17
2 8 2 485 12 1 2 485 12
2 10 1 1209 1 1 1209
2 10 1 2444 1 1 2444
3 1 5 165 23 34 12 41 7 10 642 121 5 28 511 322 70 45 17 48 1 10 642 121 5 28 511 322 70 45 17 48
2 8 1 1878 1 1 1878
2 4 2 377 26 1 2 377 26
5 1 1 430 3 2 297 27 1 2 297 27 3 1 537 1 1 537
2 10 1 1009 1 1 1009
2 10 1 1345 1 1 1345
2 6 1 201 1 1 201
2 8 1 1599 1 1 1599
2 10 1 691 1 1 691
2 10 1 1087 1 1 1087
2 10 1 2766 1 1 2766
11 1 1 39 1 4 39 48 32 180 1 4 39 48 32 180 1 2 39 684 1 2 39 684 1 7 38 46 59 132 18 13 19 1 7 38 46 59 132 18 13 19 1 3 1655 845 3 1 3 1655 845 3 1 8 38 2119 7 530 2 18 20 17 1 8 38 2119 7 530 2 18 20 17
2 10 1 1625 1 1 1625
5 1 1 183 7 2 1803 406 1 2 1803 406 1 5 145 70 1845 114 207 1 5 145 70 1845 114 207
2 10 2 951 408 1 2 951 408
8 2 1 210 1 1 210 3 8 137 165 9 20 19 13 4 425 1 8 137 165 9 20 19 13 4 425 1 2 1883 52 1 2 1883 52 1 3 1257 887 4 1 3 1257 887 4
2 6 1 649 1 1 649
2 8 1 1522 1 1 1522
2 8 1 522 1 1 522
2 10 2 994 1808 1 2 994 1808
6 4 1 391 1 1 391 3 1 409 1 1 409 1 1 2746 1 1 2746
2 10 1 2748 1 1 2748
4 8 1 1703 1 1 1703 1 1 1720 1 1 1720
2 8 2 2046 275 1 2 2046 275
2 8 1 1565 1 1 1565
3 1 1 242 3 1 314 1 1 314
2 10 1 1309 1 1 1309
2 4 1 632 1 1 632
2 8 1 636 1 1 636
2 10 1 960 1 1 960
2 10 1 1635 1 1 1635
2 10 2 741 637 1 2 741 637
1 1 1 417
2 6 1 157 1 1 157
2 10 1 2562 1 1 2562
11 1 1 117 1 2 156 36 1 2 156 36 1 1 100 1 1 100 1 1 94 1 1 94 1 1 142 1 1 142 1 3 131 1091 1567 1 3 131 1091 1567
2 8 1 1392 1 1 1392
6 6 1 787 1 1 787 1 1 427 1 1 427 1 3 463 491 32 1 3 463 491 32
2 8 1 1143 1 1 1143
2 6 1 750 1 1 750
2 8 5 543 945 38 305 24 1 5 543 945 38 305 24
2 8 2 640 263 1 2 640 263
9 1 1 498 3 1 729 1 1 729 1 2 121 2 1 2 121 2 1 3 161 2030 288 1 3 161 2030 288 1 5 407 25 604 16 1573 1 5 407 25 604 16 1573
7 1 1 369 3 9 311 16 37 8 14 157 4 61 14 1 9 311 16 37 8 14 157 4 61 14 1 2 706 64 1 2 706 64 1 5 303 529 178 33 703 1 5 303 529 178 33 703
11 1 4 45 6 8 3 1 4 43 6 91 7 1 4 43 6 91 7 1 4 55 6 33 8 1 4 55 6 33 8 1 3 55 6 35 1 3 55 6 35 1 4 54 6 84 650 1 4 54 6 84 650 1 5 51 6 10 42 45 1 5 51 6 10 42 45
2 10 2 366 470 1 2 366 470
2 10 1 2215 1 1 2215
2 10 2 2348 22 1 2 2348 22
3 1 1 153 7 1 855 1 1 855
4 6 2 120 509 1 2 120 509 1 3 162 368 1950 1 3 162 368 1950
9 1 1 97 1 1 133 1 1 133 1 1 408 1 1 408 3 10 1896 47 28 27 103 117 28 27 103 31 1 10 1896 47 28 27 103 117 28 27 103 31 1 5 75 2172 113 25 169 1 5 75 2172 113 25 169
2 10 2 381 1974 1 2 381 1974
2 8 2 1551 42 1 2 1551 42
8 2 3 72 17 14 1 3 72 17 14 1 1 110 1 1 110 3 2 116 12 1 2 116 12 1 1 90 1 1 90
2 4 2 634 4 1 2 634 4
6 4 1 734 1 1 734 1 8 603 57 47 11 38 11 38 18 1 8 603 57 47 11 38 11 38 18 3 1 2646 1 1 2646
2 8 1 933 1 1 933
2 8 1 435 1 1 435
4 6 2 156 39 1 2 156 39 3 6 402 81 7 694 756 77 1 6 402 81 7 694 756 77
2 10 1 2083 1 1 2083
2 10 1 2767 1 1 2767
2 4 1 596 1 1 596
4 8 1 1579 1 1 1579 1 1 450 1 1 450
2 10 3 2682 35 11 1 3 2682 35 11
2 10 1 2568 1 1 2568
2 8 1 1390 1 1 1390
4 8 2 2091 275 1 2 2091 275 1 1 1520 1 1 1520
4 6 1 457 1 1 457 3 5 1830 841 13 26 5 1 5 1830 841 13 26 5
2 8 1 1443 1 1 1443
2 2 1 68 1 1 68
2 10 1 2222 1 1 2222
2 10 1 2774 1 1 2774
2 8 1 1195 1 1 1195
6 2 1 196 1 1 196 1 2 126 209 1 2 126 209 5 1 1869 1 1 1869
2 10 1 1320 1 1 1320
2 8 1 298 1 1 298
2 4 1 731 1 1 731
2 10 2 759 642 1 2 759 642
2 10 4 2663 23 20 17 1 4 2663 23 20 17
5 1 1 380 5 1 791 1 1 791 3 1 1511 1 1 1511
2 6 1 437 1 1 437
2 10 1 2445 1 1 2445
2 10 6 160 467 384 294 21 37 1 6 160 467 384 294 21 37
2 4 1 401 1 1 401
2 10 1 2782 1 1 2782
4 6 1 691 1 1 691 1 2 2126 82 1 2 2126 82
2 10 1 2670 1 1 2670
2 10 1 817 1 1 817
2 8 1 1203 1 1 1203
2 6 1 482 1 1 482
2 8 1 550 1 1 550
2 8 2 2074 275 1 2 2074 275
2 8 1 391 1 1 391
4 4 1 500 1 1 500 3 1 339 1 1 339
4 8 1 899 1 1 899 1 1 2573 1 1 2573
2 10 1 2744 1 1 2744
5 1 8 119 31 12 48 21 41 15 41 3 32 49 72 35 6 2 15 37 15 14 15 11 7 21 9 46 7 9 14 21 6 21 25 20 6 41 17 4 15 38 8 14 22 1 32 49 72 35 6 2 15 37 15 14 15 11 7 21 9 46 7 9 14 21 6 21 25 20 6 41 17 4 15 38 8 14 22 3 24 48 103 33 6 31 327 143 160 24 2 390 159 30 26 158 50 10 29 8 19 24 21 44 7 1 24 48 103 33 6 31 327 143 160 24 2 390 159 30 26 158 50 10 29 8 19 24 21 44 7
2 8 1 1732 1 1 1732
2 10 1 2590 1 1 2590
11 1 3 8 100 100 1 3 8 49 186 1 3 8 49 186 1 2 8 61 1 2 8 61 1 2 8 61 1 2 8 61 1 3 8 60 2396 1 3 8 60 2396 1 2 8 104 1 2 8 104
2 6 1 490 1 1 490
2 8 1 91 1 1 91
2 8 2 616 36 1 2 616 36
2 8 1 577 1 1 577
2 10 1 2447 1 1 2447
2 10 1 2446 1 1 2446
2 10 1 2034 1 1 2034
2 10 2 1064 1675 1 2 1064 1675
2 8 1 1709 1 1 1709
2 8 1 1671 1 1 1671
2 6 2 537 36 1 2 537 36
2 10 1 361 1 1 361
2 8 1 2173 1 1 2173
2 10 1 2425 1 1 2425
2 4 1 658 1 1 658
2 2 3 74 17 14 1 3 74 17 14
2 8 2 279 1359 1 2 279 1359
2 8 1 535 1 1 535
2 6 1 741 1 1 741
2 6 1 495 1 1 495
2 4 1 576 1 1 576
2 8 1 608 1 1 608
2 10 3 1683 222 24 1 3 1683 222 24
2 10 1 2089 1 1 2089
4 8 2 1207 13 1 2 1207 13 1 1 2261 1 1 2261
2 4 1 187 1 1 187
2 10 1 913 1 1 913
2 8 3 2112 275 111 1 3 2112 275 111
2 8 1 2186 1 1 2186
3 1 1 324 5 1 469 1 1 469
2 8 3 1262 827 275 1 3 1262 827 275
4 8 1 1556 1 1 1556 1 1 2040 1 1 2040
2 10 2 478 1500 1 2 478 1500
2 10 1 1211 1 1 1211
4 8 3 917 316 925 1 3 917 316 925 1 1 1587 1 1 1587
2 10 1 2555 1 1 2555
4 4 2 428 241 1 2 428 241 3 35 167 38 713 982 20 40 13 13 16 22 17 2 2 8 8 41 23 52 23 7 28 13 13 16 22 17 2 2 8 8 41 40 33 9 17 1 35 167 38 713 982 20 40 13 13 16 22 17 2 2 8 8 41 23 52 23 7 28 13 13 16 22 17 2 2 8 8 41 40 33 9 17
4 6 1 689 1 1 689 1 2 1958 275 1 2 1958 275
2 8 3 1902 102 275 1 3 1902 102 275
2 8 1 2193 1 1 2193
4 6 1 151 1 1 151 1 1 1128 1 1 1128
3 1 1 475 7 8 697 645 11 591 200 75 195 34 1 8 697 645 11 591 200 75 195 34
2 10 2 2328 67 1 2 2328 67
2 8 1 757 1 1 757
11 1 1 30 1 1 30 1 1 30 1 1 30 1 1 30 1 1 30 1 1 30 1 1 30 1 1 30 1 1 30 1 1 30
2 10 2 505 258 1 2 505 258
4 6 1 658 1 1 658 1 1 2492 1 1 2492
3 1 1 400 3 1 169 1 1 169
2 10 1 2741 1 1 2741
4 8 1 1511 1 1 1511 1 2 1335 790 1 2 1335 790
7 1 1 259 3 1 675 1 1 675 1 1 695 1 1 695 1 7 404 16 16 78 54 352 5 1 7 404 16 16 78 54 352 5
2 8 2 2095 275 1 2 2095 275
2 10 1 934 1 1 934
2 10 2 2140 288 1 2 2140 288
2 10 2 779 54 1 2 779 54
2 10 1 1142 1 1 1142
2 6 2 122 537 1 2 122 537
2 2 2 85 31 1 2 85 31
2 10 2 2302 329 1 2 2302 329
2 8 1 1065 1 1 1065
2 10 1 916 1 1 916
4 2 1 275 1 1 275 3 2 264 592 1 2 264 592
2 10 1 318 1 1 318
2 8 1 912 1 1 912
2 6 1 517 1 1 517
4 6 1 682 1 1 682 1 9 997 906 42 60 42 131 42 60 42 1 9 997 906 42 60 42 131 42 60 42
2 10 1 166 1 1 166
2 8 1 1038 1 1 1038
2 10 1 2397 1 1 2397
2 10 2 744 637 1 2 744 637
6 6 1 646 1 1 646 1 1 1885 1 1 1885 1 2 1610 307 1 2 1610 307
2 4 1 707 1 1 707
5 1 1 147 3 7 44 81 53 48 33 94 166 1 7 44 81 53 48 33 94 166 3 8 220 38 405 586 37 285 65 128 1 8 220 38 405 586 37 285 65 128
2 4 1 152 1 1 152
2 6 1 738 1 1 738
2 10 1 2254 1 1 2254
2 8 3 1916 104 275 1 3 1916 104 275
2 10 1 675 1 1 675
2 10 3 496 620 580 1 3 496 620 580
7 1 1 300 3 1 319 1 1 319 3 3 959 67 23 1 3 959 67 23 1 1 2546 1 1 2546
2 4 1 456 1 1 456
2 6 1 728 1 1 728
2 8 2 2075 275 1 2 2075 275
2 10 1 2514 1 1 2514
2 4 1 399 1 1 399
2 6 1 638 1 1 638
2 8 1 1150 1 1 1150
2 10 1 2320 1 1 2320
2 8 1 1048 1 1 1048
2 8 1 2419 1 1 2419
2 10 3 977 11 1099 1 3 977 11 1099
9 1 2 522 14 1 1 290 1 1 290 3 3 373 467 2 1 3 373 467 2 1 2 1417 1058 1 2 1417 1058 1 5 471 144 55 39 1398 1 5 471 144 55 39 1398
2 10 1 2210 1 1 2210
3 1 2 407 54 9 1 508 1 1 508
2 10 1 542 1 1 542
2 4 1 556 1 1 556
4 4 1 99 1 1 99 5 1 92 1 1 92
4 4 1 346 1 1 346 5 1 2130 1 1 2130
4 6 1 661 1 1 661 3 1 1915 1 1 1915
4 4 1 351 1 1 351 3 1 1059 1 1 1059
2 6 2 631 23 1 2 631 23
2 10 1 1806 1 1 1806
2 6 1 476 1 1 476
2 8 2 311 720 1 2 311 720
2 8 3 699 319 150 1 3 699 319 150
1 1 1 525
4 6 1 246 1 1 246 1 1 1216 1 1 1216
2 10 4 107 52 1169 417 1 4 107 52 1169 417
4 6 1 734 1 1 734 3 1 2798 1 1 2798
2 10 1 2587 1 1 2587
2 10 1 797 1 1 797
2 10 2 608 1275 1 2 608 1275
2 10 3 162 2379 17 1 3 162 2379 17
4 4 1 88 1 1 88 5 1 93 1 1 93
4 8 1 1825 1 1 1825 1 2 1387 329 1 2 1387 329
2 10 1 360 1 1 360
2 6 1 677 1 1 677
2 10 1 2257 1 1 2257
2 10 2 878 1444 1 2 878 1444
2 10 1 2644 1 1 2644
4 8 1 1366 1 1 1366 1 1 2050 1 1 2050
4 8 1 576 1 1 576 1 1 1582 1 1 1582
2 2 2 164 6 1 2 164 6
4 6 1 473 1 1 473 1 2 300 573 1 2 300 573
2 10 1 799 1 1 799
2 10 2 908 423 1 2 908 423
2 10 6 639 568 148 122 310 115 1 6 639 568 148 122 310 115
2 10 1 1145 1 1 1145
2 8 1 901 1 1 901
4 6 1 338 1 1 338 3 1 671 1 1 671
4 6 2 393 444 1 2 393 444 3 4 42 98 70 1959 1 4 42 98 70 1959
2 10 1 1784 1 1 1784
2 8 12 1905 42 28 32 42 55 118 28 32 42 55 42 1 12 1905 42 28 32 42 55 118 28 32 42 55 42
2 8 1 1152 1 1 1152
2 2 2 185 17 1 2 185 17
2 10 1 1029 1 1 1029
2 10 1 1094 1 1 1094
2 8 1 1193 1 1 1193
4 8 4 172 1768 275 271 1 4 172 1768 275 271 1 2 223 1959 1 2 223 1959
5 1 1 87 1 4 75 17 14 17 1 4 75 17 14 17 7 1 80 1 1 80
4 8 1 1020 1 1 1020 1 4 224 165 191 1603 1 4 224 165 191 1603
2 10 1 188 1 1 188
2 10 4 227 221 1738 97 1 4 227 221 1738 97
2 6 2 299 340 1 2 299 340
2 8 2 1796 24 1 2 1796 24
2 10 1 1597 1 1 1597
4 8 2 1948 275 1 2 1948 275 1 1 2365 1 1 2365
2 8 1 2181 1 1 2181
2 10 1 1653 1 1 1653
8 2 2 187 17 1 2 187 17 1 1 149 1 1 149 1 1 484 1 1 484 3 1 2136 1 1 2136
5 1 1 470 7 1 293 1 1 293 1 2 1685 247 1 2 1685 247
2 8 3 430 81 54 1 3 430 81 54
2 8 1 526 1 1 526
4 6 4 696 56 36 27 1 4 696 56 36 27 1 1 1291 1 1 1291
4 4 1 342 1 1 342 3 1 1085 1 1 1085
2 8 1 276 1 1 276
2 8 2 1463 222 1 2 1463 222
4 8 1 745 1 1 745 1 1 1677 1 1 1677
2 8 1 1023 1 1 1023
4 4 1 196 1 1 196 3 8 743 4 6 8 13 19 29 802 1 8 743 4 6 8 13 19 29 802
2 8 1 2202 1 1 2202
2 8 1 1105 1 1 1105
5 1 1 358 7 1 1261 1 1 1261 1 1 920 1 1 920
2 8 1 2422 1 1 2422
2 8 9 43 134 2 20 1795 1 274 1 221 1 9 43 134 2 20 1795 1 274 1 221
11 1 2 90 21 1 1 60 1 1 60 1 1 72 1 1 72 1 1 72 1 1 72 1 2 71 65 1 2 71 65 1 3 99 16 123 1 3 99 16 123
2 6 3 147 384 36 1 3 147 384 36
4 6 1 252 1 1 252 1 2 2469 4 1 2 2469 4
2 2 1 280 1 1 280
7 1 1 398 3 2 338 21 1 2 338 21 3 1 1148 1 1 1148 1 1 2342 1 1 2342
2 10 1 1776 1 1 1776
2 10 2 306 2331 1 2 306 2331
2 10 1 1614 1 1 1614
1 1 1 509
3 1 1 426 9 1 1807 1 1 1807
2 8 1 1480 1 1 1480
7 1 2 349 63 1 1 225 1 1 225 5 1 238 1 1 238 1 3 906 765 1048 1 3 906 765 1048
2 8 1 1276 1 1 1276
2 10 5 376 466 200 50 1337 1 5 376 466 200 50 1337
2 8 2 2076 275 1 2 2076 275
2 4 2 40 105 1 2 40 105
2 4 9 38 95 6 59 481 10 33 8 13 1 9 38 95 6 59 481 10 33 8 13
2 10 1 2525 1 1 2525
2 10 1 2449 1 1 2449
4 6 5 45 61 22 45 255 1 5 45 61 22 45 255 3 15 45 98 70 20 15 22 110 59 470 9 8 647 441 158 20 1 15 45 98 70 20 15 22 110 59 470 9 8 647 441 158 20
2 6 2 414 2 1 2 414 2
1 1 1 226
2 4 1 430 1 1 430
2 8 1 1706 1 1 1706
3 1 1 295 3 2 249 33 1 2 249 33
2 10 1 2448 1 1 2448
2 10 2 619 202 1 2 619 202
8 4 1 626 1 1 626 1 1 253 1 1 253 1 1 1930 1 1 1930 1 4 613 56 1328 509 1 4 613 56 1328 509
2 8 1 1882 1 1 1882
7 1 1 366 3 1 522 1 1 522 1 1 680 1 1 680 1 25 200 18 17 30 15 82 564 330 82 434 134 44 26 32 2 40 20 35 120 26 32 2 40 20 35 1 25 200 18 17 30 15 82 564 330 82 434 134 44 26 32 2 40 20 35 120 26 32 2 40 20 35
2 10 1 1095 1 1 1095
1 1 1 483
2 8 1 592 1 1 592
3 1 1 306 3 1 255 1 1 255
2 10 3 339 394 106 1 3 339 394 106
4 6 1 509 1 1 509 3 4 146 70 489 1470 1 4 146 70 489 1470
5 1 1 243 3 1 396 1 1 396 3 8 359 37 11 210 148 325 428 87 1 8 359 37 11 210 148 325 428 87
2 10 1 2652 1 1 2652
2 8 1 1721 1 1 1721
4 6 1 521 1 1 521 3 1 182 1 1 182
8 4 5 127 15 349 4 8 1 5 127 15 349 4 8 1 2 337 138 1 2 337 138 1 1 2425 1 1 2425 1 2 2108 680 1 2 2108 680
2 6 1 525 1 1 525
3 1 1 507 9 1 698 1 1 698
4 6 1 170 1 1 170 3 1 2270 1 1 2270
2 8 1 99 1 1 99
2 8 1 932 1 1 932
1 1 1 245
2 10 1 303 1 1 303
5 1 1 198 3 1 480 1 1 480 3 1 1313 1 1 1313
5 1 1 431 3 2 298 146 1 2 298 146 3 1 2190 1 1 2190
2 10 1 2308 1 1 2308
1 1 1 436
2 10 1 2451 1 1 2451
4 8 1 1791 1 1 1791 1 1 1728 1 1 1728
2 10 1 2593 1 1 2593
2 10 1 2606 1 1 2606
2 10 4 404 636 15 1150 1 4 404 636 15 1150
2 10 1 325 1 1 325
2 10 1 180 1 1 180
2 10 2 824 523 1 2 824 523
2 10 1 1235 1 1 1235
2 8 2 2052 275 1 2 2052 275
6 4 2 570 140 1 2 570 140 1 1 114 1 1 114 3 5 2053 50 11 160 229 1 5 2053 50 11 160 229
2 10 1 1752 1 1 1752
2 10 2 197 2204 1 2 197 2204
2 10 1 2545 1 1 2545
2 10 2 1718 166 1 2 1718 166
2 8 2 1452 14 1 2 1452 14
2 8 1 1273 1 1 1273
2 8 1 2423 1 1 2423
2 10 2 1744 854 1 2 1744 854
2 8 1 2404 1 1 2404
2 8 1 2424 1 1 2424
3 1 1 333 3 1 463 1 1 463
11 1 2 95 21 1 5 65 18 17 14 17 1 5 65 18 17 14 17 1 2 77 10 1 2 77 10 1 1 77 1 1 77 1 2 76 65 1 2 76 65 1 3 88 16 16 1 3 88 16 16
8 2 1 249 1 1 249 3 3 389 56 368 1 3 389 56 368 1 2 748 725 1 2 748 725 1 5 560 867 516 108 371 1 5 560 867 516 108 371
2 4 1 214 1 1 214
7 1 4 141 29 108 121 3 2 219 55 1 2 219 55 3 5 231 552 578 215 28 1 5 231 552 578 215 28 1 1 2777 1 1 2777
2 10 1 2138 1 1 2138
2 10 1 2030 1 1 2030
2 10 1 2378 1 1 2378
2 10 3 385 699 1442 1 3 385 699 1442
2 8 2 246 471 1 2 246 471
2 10 1 2221 1 1 2221
2 10 1 337 1 1 337
3 1 1 247 7 2 2078 275 1 2 2078 275
2 8 1 1694 1 1 1694
4 6 1 833 1 1 833 3 1 2260 1 1 2260
5 1 1 175 7 2 368 1027 1 2 368 1027 1 1 2791 1 1 2791
2 10 1 2592 1 1 2592
4 6 1 466 1 1 466 1 1 1003 1 1 1003
3 1 1 191 7 1 295 1 1 295
2 10 1 2450 1 1 2450
2 10 1 305 1 1 305
2 4 2 686 10 1 2 686 10
2 8 1 687 1 1 687
2 10 1 2224 1 1 2224
2 8 1 831 1 1 831
2 10 1 2416 1 1 2416
2 2 1 220 1 1 220
2 10 3 902 131 1164 1 3 902 131 1164
2 4 1 360 1 1 360
4 8 2 240 710 1 2 240 710 1 4 1239 37 397 671 1 4 1239 37 397 671
2 4 2 266 288 1 2 266 288
2 10 2 1808 10 1 2 1808 10
2 10 1 2263 1 1 2263
2 8 1 2426 1 1 2426
2 10 1 1606 1 1 1606
2 8 1 288 1 1 288
7 1 8 40 82 5 30 56 208 17 52 3 7 46 72 35 6 26 140 294 1 7 46 72 35 6 26 140 294 1 1 664 1 1 664 1 29 45 109 27 6 15 447 297 477 22 281 22 29 21 44 66 41 3 4 22 34 42 53 117 3 4 22 34 42 53 1 29 45 109 27 6 15 447 297 477 22 281 22 29 21 44 66 41 3 4 22 34 42 53 117 3 4 22 34 42 53
4 4 4 43 81 51 243 1 4 43 81 51 243 3 6 308 940 67 190 134 30 1 6 308 940 67 190 134 30
2 8 1 881 1 1 881
2 10 1 2241 1 1 2241
2 8 2 347 523 1 2 347 523
5 1 4 267 14 36 131 3 3 222 69 383 1 3 222 69 383 3 8 307 96 16 35 59 54 33 319 1 8 307 96 16 35 59 54 33 319
7 1 1 303 3 13 240 12 43 7 105 6 22 5 50 103 51 21 50 1 13 240 12 43 7 105 6 22 5 50 103 51 21 50 3 2 416 928 1 2 416 928 1 2 459 1841 1 2 459 1841
2 10 1 2452 1 1 2452
2 10 1 2284 1 1 2284
8 4 4 194 407 30 39 1 4 194 407 30 39 1 1 456 1 1 456 1 6 503 268 156 4 839 24 1 6 503 268 156 4 839 24 1 2 1315 1297 1 2 1315 1297
4 8 1 1741 1 1 1741 1 5 1542 14 254 41 12 1 5 1542 14 254 41 12
1 1 1 219
3 1 1 209 9 3 635 28 488 1 3 635 28 488
2 10 1 1531 1 1 1531
2 10 1 294 1 1 294
2 10 1 1518 1 1 1518
2 10 2 135 3 1 2 135 3
2 8 5 1909 104 95 180 95 1 5 1909 104 95 180 95
2 10 8 222 91 56 359 100 400 123 830 1 8 222 91 56 359 100 400 123 830
8 4 1 147 1 1 147 1 1 113 1 1 113 1 2 166 12 1 2 166 12 1 2 157 1904 1 2 157 1904
2 4 1 151 1 1 151
4 8 1 2204 1 1 2204 1 3 446 585 268 1 3 446 585 268
2 8 1 1490 1 1 1490
2 8 1 305 1 1 305
2 6 1 386 1 1 386
4 4 2 369 223 1 2 369 223 3 1 1581 1 1 1581
11 1 1 65 1 1 143 1 1 143 1 2 51 54 1 2 51 54 1 1 99 1 1 99 1 1 147 1 1 147 1 1 70 1 1 70
11 1 3 36 12 6 1 3 36 10 6 1 3 36 10 6 1 3 36 22 6 1 3 36 22 6 1 4 36 22 6 18 1 4 36 22 6 18 1 5 36 21 6 43 1545 1 5 36 21 6 43 1545 1 3 36 18 6 1 3 36 18 6
2 6 6 257 138 213 8 57 176 1 6 257 138 213 8 57 176
2 10 1 1295 1 1 1295
2 8 1 1320 1 1 1320
6 4 1 470 1 1 470 3 1 1684 1 1 1684 1 1 1748 1 1 1748
6 6 1 736 1 1 736 1 3 814 147 1201 1 3 814 147 1201 1 1 205 1 1 205
2 8 1 1384 1 1 1384
2 4 1 577 1 1 577
2 8 1 559 1 1 559
2 10 1 2456 1 1 2456
11 1 2 16 28 1 2 16 26 1 2 16 26 1 2 16 38 1 2 16 38 1 2 16 38 1 2 16 38 1 2 16 37 1 2 16 37 1 3 16 34 2403 1 3 16 34 2403
4 6 1 340 1 1 340 3 5 1200 168 168 123 294 1 5 1200 168 168 123 294
2 10 1 2073 1 1 2073
2 8 1 2427 1 1 2427
2 10 1 1156 1 1 1156
2 10 1 1219 1 1 1219
1 1 1 71
2 10 1 2454 1 1 2454
2 8 1 1163 1 1 1163
2 8 1 2502 1 1 2502
2 10 3 634 135 765 1 3 634 135 765
2 10 1 807 1 1 807
2 8 1 538 1 1 538
2 6 1 494 1 1 494
2 6 1 641 1 1 641
2 4 1 506 1 1 506
4 8 1 287 1 1 287 1 12 454 117 7 45 381 434 7 93 162 50 41 528 1 12 454 117 7 45 381 434 7 93 162 50 41 528
5 1 3 155 138 136 3 2 247 49 1 2 247 49 3 1 647 1 1 647
2 8 1 274 1 1 274
2 10 1 1123 1 1 1123
4 2 1 302 1 1 302 1 2 739 13 1 2 739 13
2 10 8 398 20 26 143 544 158 467 131 1 8 398 20 26 143 544 158 467 131
5 1 1 423 7 4 930 296 110 253 1 4 930 296 110 253 1 3 757 495 147 1 3 757 495 147
2 10 1 2239 1 1 2239
4 4 1 280 1 1 280 3 2 449 252 1 2 449 252
2 10 2 1672 27 1 2 1672 27
2 8 2 277 597 1 2 277 597
2 10 1 2770 1 1 2770
3 1 2 334 163 3 1 464 1 1 464
2 10 2 1504 1039 1 2 1504 1039
2 8 2 1257 517 1 2 1257 517
2 10 1 2240 1 1 2240
2 8 1 1083 1 1 1083
3 1 1 493 7 1 1410 1 1 1410
4 8 2 1647 532 1 2 1647 532 1 2 327 316 1 2 327 316
2 8 3 725 890 200 1 3 725 890 200
2 8 2 467 28 1 2 467 28
2 8 1 1225 1 1 1225
2 10 1 2070 1 1 2070
2 10 1 2661 1 1 2661
2 10 1 2022 1 1 2022
2 2 1 168 1 1 168
2 10 3 403 636 15 1 3 403 636 15
2 8 5 1910 69 35 240 35 1 5 1910 69 35 240 35
2 10 3 2665 39 16 1 3 2665 39 16
2 8 1 260 1 1 260
2 8 1 1125 1 1 1125
4 4 2 437 18 1 2 437 18 3 18 1911 42 27 35 40 54 42 1 9 67 27 35 40 54 44 1 2 15 1 18 1911 42 27 35 40 54 42 1 9 67 27 35 40 54 44 1 2 15
2 6 1 515 1 1 515
2 6 8 250 6 138 133 80 8 57 176 1 8 250 6 138 133 80 8 57 176
2 6 1 254 1 1 254
4 6 1 687 1 1 687 3 1 1464 1 1 1464
2 10 1 1452 1 1 1452
2 10 1 583 1 1 583
4 4 2 737 13 1 2 737 13 1 2 226 194 1 2 226 194
2 10 1 472 1 1 472
2 10 4 254 843 979 231 1 4 254 843 979 231
4 8 1 1544 1 1 1544 1 3 1111 438 309 1 3 1111 438 309
11 1 1 22 1 1 22 1 1 22 1 1 22 1 1 22 1 1 22 1 1 22 1 1 22 1 1 22 1 1 22 1 1 22
2 10 4 218 69 62 1828 1 4 218 69 62 1828
2 4 3 636 16 5 1 3 636 16 5
2 8 1 2433 1 1 2433
4 8 1 1117 1 1 1117 1 3 443 433 412 1 3 443 433 412
2 6 1 498 1 1 498
2 6 2 439 20 1 2 439 20
6 6 3 199 536 8 1 3 199 536 8 1 2 1967 275 1 2 1967 275 1 4 468 29 464 1005 1 4 468 29 464 1005
2 10 2 2659 15 1 2 2659 15
4 2 4 77 17 14 18 1 4 77 17 14 18 1 1 82 1 1 82
2 6 2 534 36 1 2 534 36
2 8 1 2436 1 1 2436
2 8 1 2437 1 1 2437
2 10 1 252 1 1 252
2 4 1 32 1 1 32
2 10 1 2624 1 1 2624
2 8 3 193 20 1115 1 3 193 20 1115
2 8 1 1409 1 1 1409
2 6 3 248 142 445 1 3 248 142 445
2 10 12 148 8 321 202 1306 120 160 41 205 28 79 31 1 12 148 8 321 202 1306 120 160 41 205 28 79 31
2 10 1 2262 1 1 2262
4 8 1 681 1 1 681 1 1 2621 1 1 2621
2 10 1 2311 1 1 2311
2 6 1 458 1 1 458
2 10 1 1837 1 1 1837
2 8 1 2122 1 1 2122
2 6 2 552 36 1 2 552 36
2 6 2 555 36 1 2 555 36
2 8 1 264 1 1 264
2 10 1 2521 1 1 2521
2 6 1 746 1 1 746
2 10 1 2415 1 1 2415
2 8 1 1656 1 1 1656
2 8 1 655 1 1 655
6 2 2 150 7 1 2 150 7 1 3 200 214 302 1 3 200 214 302 5 2 2068 245 1 2 2068 245
2 8 1 2143 1 1 2143
2 10 1 165 1 1 165
2 8 1 596 1 1 596
2 8 1 525 1 1 525
2 10 2 1405 348 1 2 1405 348
4 8 1 533 1 1 533 1 1 1333 1 1 1333
2 10 1 202 1 1 202
4 6 1 378 1 1 378 3 3 885 38 606 1 3 885 38 606
2 10 1 1910 1 1 1910
4 8 6 509 465 5 25 154 85 1 6 509 465 5 25 154 85 1 1 1266 1 1 1266
2 10 1 2413 1 1 2413
2 10 1 2457 1 1 2457
2 10 1 2458 1 1 2458
2 10 1 2459 1 1 2459
2 8 1 1763 1 1 1763
2 10 1 2032 1 1 2032
2 8 1 1687 1 1 1687
2 8 1 2438 1 1 2438
2 6 1 492 1 1 492
2 10 1 2250 1 1 2250
2 10 2 755 642 1 2 755 642
6 4 1 78 1 1 78 3 1 132 1 1 132 1 4 95 161 126 2049 1 4 95 161 126 2049
2 10 2 774 1115 1 2 774 1115
2 8 1 1934 1 1 1934
2 10 1 1649 1 1 1649
4 6 1 768 1 1 768 3 1 1797 1 1 1797
2 8 3 424 46 241 1 3 424 46 241
4 4 1 182 1 1 182 5 2 451 913 1 2 451 913
2 10 2 347 389 1 2 347 389
2 10 1 1254 1 1 1254
7 1 1 432 1 1 264 1 1 264 5 2 1301 101 1 2 1301 101 1 3 255 174 437 1 3 255 174 437
2 10 2 805 185 1 2 805 185
6 6 1 135 1 1 135 1 1 1860 1 1 1860 1 1 2632 1 1 2632
2 8 1 896 1 1 896
2 10 1 2634 1 1 2634
1 1 1 492
2 10 1 2281 1 1 2281
2 8 2 2073 275 1 2 2073 275
2 8 1 2192 1 1 2192
11 1 2 52 8 1 2 50 98 1 2 50 98 1 2 62 33 1 2 62 33 1 1 62 1 1 62 1 1 61 1 1 61 1 2 58 52 1 2 58 52
6 4 1 374 1 1 374 3 4 668 176 41 486 1 4 668 176 41 486 1 1 2352 1 1 2352
2 8 1 708 1 1 708
2 6 1 376 1 1 376
2 10 1 1918 1 1 1918
6 4 1 475 1 1 475 3 6 811 29 333 8 32 24 1 6 811 29 333 8 32 24 1 1 1908 1 1 1908
2 10 1 2738 1 1 2738
2 10 3 558 867 1331 1 3 558 867 1331
2 6 1 663 1 1 663
2 8 6 41 117 1153 36 15 1134 1 6 41 117 1153 36 15 1134
2 2 5 37 80 43 3 111 1 5 37 80 43 3 111
2 8 1 1398 1 1 1398
2 10 1 674 1 1 674
7 1 1 362 3 2 339 184 1 2 339 184 3 5 819 171 4 822 5 1 5 819 171 4 822 5 1 4 1062 942 5 100 1 4 1062 942 5 100
2 8 1 589 1 1 589
2 8 1 2420 1 1 2420
2 8 2 210 733 1 2 210 733
2 10 1 2271 1 1 2271
4 6 2 87 293 1 2 87 293 1 3 112 51 2318 1 3 112 51 2318
2 8 1 1554 1 1 1554
2 6 2 772 67 1 2 772 67
2 6 2 262 592 1 2 262 592
2 10 1 938 1 1 938
4 8 1 978 1 1 978 1 1 1189 1 1 1189
2 8 1 1363 1 1 1363
2 4 1 486 1 1 486
2 10 1 1733 1 1 1733
4 4 1 135 1 1 135 3 1 2504 1 1 2504
2 2 1 161 1 1 161
2 6 5 49 61 22 44 256 1 5 49 61 22 44 256
4 8 1 953 1 1 953 1 1 2056 1 1 2056
4 6 1 230 1 1 230 3 1 1964 1 1 1964
2 10 1 1491 1 1 1491
2 4 1 213 1 1 213
4 4 1 344 1 1 344 3 1 1087 1 1 1087
5 1 1 332 3 1 462 1 1 462 3 1 2135 1 1 2135
6 4 2 241 325 1 2 241 325 3 2 1179 32 1 2 1179 32 1 1 1824 1 1 1824
2 10 1 1739 1 1 1739
2 10 1 297 1 1 297
2 6 1 200 1 1 200
2 6 1 468 1 1 468
4 4 1 700 1 1 700 5 3 683 331 886 1 3 683 331 886
2 4 2 635 27 1 2 635 27
4 6 2 406 432 1 2 406 432 1 2 1870 16 1 2 1870 16
2 8 2 2090 275 1 2 2090 275
2 10 1 1322 1 1 1322
4 6 1 507 1 1 507 1 1 429 1 1 429
9 1 1 396 3 1 357 1 1 357 1 2 381 341 1 2 381 341 1 1 1161 1 1 1161 1 6 362 1442 11 161 349 304 1 6 362 1442 11 161 349 304
2 8 1 1594 1 1 1594
3 1 2 321 131 7 4 1974 65 210 65 1 4 1974 65 210 65
6 4 1 530 1 1 530 1 1 699 1 1 699 1 5 532 67 177 558 191 1 5 532 67 177 558 191
2 10 1 83 1 1 83
2 10 1 168 1 1 168
4 6 3 423 141 36 1 3 423 141 36 1 5 195 1235 104 139 38 1 5 195 1235 104 139 38
2 8 1 1145 1 1 1145
4 6 7 42 61 22 30 39 25 206 1 7 42 61 22 30 39 25 206 3 22 43 98 70 17 25 148 81 164 56 179 157 55 48 42 14 17 32 26 554 184 160 17 1 22 43 98 70 17 25 148 81 164 56 179 157 55 48 42 14 17 32 26 554 184 160 17
2 4 1 748 1 1 748
2 10 1 2607 1 1 2607
2 8 1 1824 1 1 1824
2 10 1 1831 1 1 1831
2 10 1 1714 1 1 1714
2 6 4 708 16 33 49 1 4 708 16 33 49
3 1 2 264 181 9 1 1449 1 1 1449
5 1 1 98 1 1 154 1 1 154 7 1 77 1 1 77
2 8 1 1724 1 1 1724
9 1 3 152 124 26 3 3 251 11 250 1 3 251 11 250 1 5 286 272 36 23 168 1 5 286 272 36 23 168 1 6 237 108 298 392 152 122 1 6 237 108 298 392 152 122 1 1 812 1 1 812
2 2 3 73 17 14 1 3 73 17 14
2 10 1 2461 1 1 2461
4 4 1 698 1 1 698 3 2 2083 275 1 2 2083 275
7 1 1 340 3 2 465 93 1 2 465 93 3 2 206 895 1 2 206 895 1 2 1475 286 1 2 1475 286
2 10 2 889 1068 1 2 889 1068
2 8 2 2079 275 1 2 2079 275
2 10 6 172 252 85 50 735 132 1 6 172 252 85 50 735 132
2 8 2 388 833 1 2 388 833
3 1 1 479 7 1 2163 1 1 2163
2 8 1 2439 1 1 2439
2 10 2 2363 430 1 2 2363 430
2 6 1 460 1 1 460
2 6 1 470 1 1 470
2 10 3 278 327 181 1 3 278 327 181
2 10 1 942 1 1 942
2 10 1 314 1 1 314
2 10 3 564 867 191 1 3 564 867 191
2 8 1 1185 1 1 1185
2 8 2 1955 275 1 2 1955 275
2 8 1 1469 1 1 1469
3 1 1 513 9 4 574 2 865 2 1 4 574 2 865 2
2 10 2 752 642 1 2 752 642
2 8 1 2440 1 1 2440
2 4 2 388 7 1 2 388 7
2 10 1 2462 1 1 2462
2 10 1 2464 1 1 2464
2 10 1 2548 1 1 2548
3 1 1 70 7 1 2184 1 1 2184
2 6 1 441 1 1 441
4 8 1 671 1 1 671 1 2 458 1549 1 2 458 1549
5 1 1 297 3 2 367 215 1 2 367 215 3 1 558 1 1 558
2 10 11 207 123 35 43 23 82 78 176 58 1250 129 1 11 207 123 35 43 23 82 78 176 58 1250 129
2 8 6 826 32 603 290 82 24 1 6 826 32 603 290 82 24
6 6 1 268 1 1 268 1 1 319 1 1 319 1 2 795 1437 1 2 795 1437
2 10 1 693 1 1 693
3 1 3 361 12 83 3 3 605 9 15 1 3 605 9 15
2 2 1 261 1 1 261
2 10 1 1817 1 1 1817
2 8 1 1491 1 1 1491
4 8 1 1704 1 1 1704 1 2 171 1852 1 2 171 1852
2 10 5 715 310 43 222 267 1 5 715 310 43 222 267
2 10 1 2465 1 1 2465
2 10 1 2467 1 1 2467
2 8 1 93 1 1 93
2 8 1 96 1 1 96
2 8 1 83 1 1 83
2 8 1 1765 1 1 1765
2 10 1 2764 1 1 2764
6 4 1 79 1 1 79 3 1 133 1 1 133 1 1 96 1 1 96
2 10 4 164 1954 9 378 1 4 164 1954 9 378
4 4 2 687 10 1 2 687 10 5 2 456 861 1 2 456 861
2 6 1 382 1 1 382
2 8 1 821 1 1 821
2 6 1 530 1 1 530
2 10 1 1230 1 1 1230
4 4 1 322 1 1 322 3 4 310 652 68 17 1 4 310 652 68 17
2 10 2 495 1299 1 2 495 1299
2 10 1 1409 1 1 1409
2 10 12 147 8 321 202 1306 120 160 41 205 28 79 31 1 12 147 8 321 202 1306 120 160 41 205 28 79 31
2 10 5 37 1271 848 7 344 1 5 37 1271 848 7 344
2 4 1 711 1 1 711
2 10 1 2477 1 1 2477
2 10 1 2466 1 1 2466
11 1 1 49 1 1 47 1 1 47 1 1 59 1 1 59 1 1 59 1 1 59 1 1 58 1 1 58 1 1 55 1 1 55
2 6 1 142 1 1 142
2 10 1 2468 1 1 2468
6 4 1 373 1 1 373 3 3 657 161 740 1 3 657 161 740 1 4 754 642 1027 1 1 4 754 642 1027 1
2 2 1 207 1 1 207
2 10 1 315 1 1 315
6 2 1 138 1 1 138 3 1 818 1 1 818 3 3 178 1376 307 1 3 178 1376 307
2 8 1 1653 1 1 1653
2 8 1 2409 1 1 2409
2 10 1 186 1 1 186
1 1 1 468
2 8 1 1654 1 1 1654
6 6 1 404 1 1 404 1 1 1868 1 1 1868 1 2 2430 2 1 2 2430 2
2 10 1 510 1 1 510
2 10 3 312 1674 668 1 3 312 1674 668
3 1 4 160 40 41 127 7 3 760 349 494 1 3 760 349 494
2 10 1 151 1 1 151
4 6 5 47 61 22 52 248 1 5 47 61 22 52 248 3 10 44 98 70 56 55 618 293 250 528 159 1 10 44 98 70 56 55 618 293 250 528 159
2 6 1 140 1 1 140
2 10 1 2475 1 1 2475
2 10 3 848 698 309 1 3 848 698 309
2 10 1 2476 1 1 2476
2 10 1 2469 1 1 2469
2 8 3 730 287 557 1 3 730 287 557
2 10 1 1726 1 1 1726
2 6 1 317 1 1 317
4 8 1 894 1 1 894 1 8 547 867 413 50 20 44 33 324 1 8 547 867 413 50 20 44 33 324
4 8 1 1849 1 1 1849 1 2 1358 514 1 2 1358 514
1 1 1 84
2 2 5 195 13 9 13 6 1 5 195 13 9 13 6
2 8 1 1067 1 1 1067
2 8 1 1124 1 1 1124
2 8 1 1628 1 1 1628
4 8 1 869 1 1 869 1 1 1969 1 1 1969
8 4 2 702 2 1 2 702 2 1 1 480 1 1 480 1 2 1356 4 1 2 1356 4 1 1 299 1 1 299
2 8 2 1957 275 1 2 1957 275
7 1 2 319 131 5 10 141 4 106 7 138 17 2 108 270 57 1 10 141 4 106 7 138 17 2 108 270 57 1 9 176 1737 69 35 19 221 35 19 179 1 9 176 1737 69 35 19 221 35 19 179 1 2 183 1881 1 2 183 1881
4 6 1 843 1 1 843 1 1 1890 1 1 1890
2 10 3 196 2190 14 1 3 196 2190 14
2 10 1 66 1 1 66
2 10 1 2471 1 1 2471
2 10 1 2472 1 1 2472
2 10 1 2473 1 1 2473
4 8 1 1520 1 1 1520 1 1 1836 1 1 1836
2 8 1 2442 1 1 2442
2 4 1 445 1 1 445
2 10 1 2345 1 1 2345
4 6 2 355 289 1 2 355 289 3 3 814 89 1629 1 3 814 89 1629
2 6 1 698 1 1 698
2 8 1 1879 1 1 1879
2 6 1 181 1 1 181
2 8 1 1822 1 1 1822
4 6 2 540 36 1 2 540 36 3 1 257 1 1 257
2 8 1 2441 1 1 2441
2 6 1 477 1 1 477
2 6 1 467 1 1 467
2 4 2 173 437 1 2 173 437
2 8 1 802 1 1 802
1 1 1 249
1 1 2 202 179
5 1 1 465 3 4 42 81 23 60 1 4 42 81 23 60 3 16 201 409 74 1223 44 26 32 2 40 55 120 26 32 2 40 55 1 16 201 409 74 1223 44 26 32 2 40 55 120 26 32 2 40 55
2 10 1 1371 1 1 1371
2 10 1 2470 1 1 2470
2 10 1 2474 1 1 2474
1 1 1 339
4 6 1 440 1 1 440 3 1 2357 1 1 2357
2 8 2 910 1533 1 2 910 1533
4 6 1 819 1 1 819 1 1 665 1 1 665
2 6 2 543 36 1 2 543 36
2 8 1 915 1 1 915
2 10 6 340 500 9 249 450 309 1 6 340 500 9 249 450 309
2 8 1 1252 1 1 1252
2 10 1 2478 1 1 2478
2 8 1 825 1 1 825
11 1 1 58 1 1 56 1 1 56 1 1 68 1 1 68 1 1 68 1 1 68 1 1 67 1 1 67 1 2 64 2415 1 2 64 2415
4 8 1 226 1 1 226 1 1 1247 1 1 1247
2 8 1 1499 1 1 1499
2 8 1 824 1 1 824
2 8 1 32 1 1 32
6 2 3 205 14 19 1 3 205 14 19 5 6 321 155 42 532 139 69 1 6 321 155 42 532 139 69 1 8 426 634 183 246 112 176 90 83 1 8 426 634 183 246 112 176 90 83
2 8 1 335 1 1 335
2 10 1 910 1 1 910
2 8 3 1915 104 275 1 3 1915 104 275
2 10 1 2142 1 1 2142
2 8 1 87 1 1 87
2 6 4 278 44 20 281 1 4 278 44 20 281
2 8 1 2444 1 1 2444
2 10 1 2152 1 1 2152
2 8 2 2160 285 1 2 2160 285
2 10 2 740 637 1 2 740 637
4 8 2 38 70 1 2 38 70 1 2 2660 15 1 2 2660 15
2 8 3 1268 20 233 1 3 1268 20 233
3 1 1 85 7 1 1317 1 1 1317
2 10 1 300 1 1 300
2 6 1 643 1 1 643
4 4 2 381 19 1 2 381 19 3 1 689 1 1 689
2 8 1 1785 1 1 1785
2 10 2 1385 387 1 2 1385 387
2 4 1 138 1 1 138
2 8 1 1658 1 1 1658
3 1 1 519 5 2 719 105 1 2 719 105
4 4 1 499 1 1 499 3 5 342 80 19 27 241 1 5 342 80 19 27 241
2 10 1 32 1 1 32
1 1 1 86
2 10 1 2482 1 1 2482
1 1 1 158
2 10 1 937 1 1 937
2 8 1 2447 1 1 2447
2 8 1 2399 1 1 2399
2 10 1 2776 1 1 2776
3 1 1 471 9 2 415 765 1 2 415 765
6 6 1 783 1 1 783 1 1 375 1 1 375 1 4 832 551 334 241 1 4 832 551 334 241
2 6 1 511 1 1 511
2 10 1 2057 1 1 2057
6 2 3 84 17 14 1 3 84 17 14 1 1 116 1 1 116 3 1 131 1 1 131
2 8 1 2167 1 1 2167
2 10 2 861 1268 1 2 861 1268
2 10 1 2097 1 1 2097
2 8 1 2172 1 1 2172
2 8 1 1228 1 1 1228
11 1 1 29 1 1 29 1 1 29 1 1 29 1 1 29 1 1 29 1 1 29 1 1 29 1 1 29 1 1 29 1 1 29
4 4 1 140 1 1 140 5 1 1773 1 1 1773
2 8 1 2132 1 1 2132
2 4 2 329 16 1 2 329 16
2 8 2 1102 285 1 2 1102 285
6 2 2 165 6 1 2 165 6 5 6 250 306 6 215 304 123 1 6 250 306 6 215 304 123 1 2 2668 29 1 2 2668 29
2 10 1 2275 1 1 2275
2 8 1 1695 1 1 1695
4 8 1 706 1 1 706 1 1 2244 1 1 2244
3 1 1 220 7 2 1742 20 1 2 1742 20
2 8 2 605 19 1 2 605 19
2 10 2 974 39 1 2 974 39
4 6 1 820 1 1 820 1 1 1327 1 1 1327
2 10 1 2094 1 1 2094
2 8 5 1917 67 37 238 37 1 5 1917 67 37 238 37
1 1 1 487
2 8 1 2146 1 1 2146
2 8 1 1121 1 1 1121
2 8 2 1052 22 1 2 1052 22
2 10 1 877 1 1 877
2 4 1 328 1 1 328
2 10 1 170 1 1 170
2 10 6 161 526 530 1323 17 8 1 6 161 526 530 1323 17 8
2 6 2 168 54 1 2 168 54
4 6 1 86 1 1 86 1 1 111 1 1 111
2 8 2 312 537 1 2 312 537
2 6 1 235 1 1 235
2 8 1 1265 1 1 1265
2 10 1 189 1 1 189
2 10 1 2216 1 1 2216
4 6 1 81 1 1 81 1 2 105 1754 1 2 105 1754
4 2 4 166 6 49 18 1 4 166 6 49 18 7 1 857 1 1 857
2 4 1 699 1 1 699
5 1 2 201 163 5 1 481 1 1 481 1 1 361 1 1 361
1 1 1 305
2 8 1 484 1 1 484
2 10 4 262 84 389 835 1 4 262 84 389 835
4 8 1 594 1 1 594 1 1 413 1 1 413
4 6 1 372 1 1 372 3 3 1079 1066 156 1 3 1079 1066 156
2 8 3 1058 15 243 1 3 1058 15 243
2 8 1 325 1 1 325
2 6 1 93 1 1 93
2 10 1 2092 1 1 2092
4 8 2 1540 177 1 2 1540 177 1 1 243 1 1 243
2 8 1 1183 1 1 1183
1 1 1 32
2 6 4 115 145 138 454 1 4 115 145 138 454
2 10 2 336 329 1 2 336 329
4 6 1 503 1 1 503 1 1 236 1 1 236
11 1 2 495 8 1 2 287 4 1 2 287 4 1 1 728 1 1 728 1 1 656 1 1 656 1 1 1283 1 1 1283 1 2 2149 479 1 2 2149 479
6 6 1 740 1 1 740 1 10 1914 4 65 35 4 37 199 35 4 37 1 10 1914 4 65 35 4 37 199 35 4 37 1 3 39 119 45 1 3 39 119 45
2 10 1 2585 1 1 2585
2 8 4 354 24 86 28 1 4 354 24 86 28
2 10 1 190 1 1 190
2 10 1 516 1 1 516
2 10 1 1734 1 1 1734
2 8 1 1933 1 1 1933
2 10 1 2279 1 1 2279
2 8 1 1766 1 1 1766
2 6 5 43 61 22 39 261 1 5 43 61 22 39 261
5 1 1 411 3 1 318 1 1 318 5 5 625 699 274 52 220 1 5 625 699 274 52 220
8 2 1 212 1 1 212 3 2 223 262 1 2 223 262 1 2 1321 93 1 2 1321 93 1 2 647 1504 1 2 647 1504
2 8 1 1412 1 1 1412
2 4 2 633 7 1 2 633 7
2 8 1 1061 1 1 1061
1 1 1 424
2 8 2 2080 275 1 2 2080 275
2 10 1 200 1 1 200
7 1 1 81 5 1 91 1 1 91 1 2 118 171 1 2 118 171 1 1 2426 1 1 2426
1 1 2 230 214
2 10 1 2483 1 1 2483
2 4 1 574 1 1 574
3 1 1 105 1 1 120 1 1 120
2 8 9 1919 40 26 38 37 174 26 38 37 1 9 1919 40 26 38 37 174 26 38 37
1 1 1 260
2 4 1 141 1 1 141
2 8 1 1601 1 1 1601
2 10 1 2642 1 1 2642
5 1 1 292 3 2 244 428 1 2 244 428 3 2 505 49 1 2 505 49
2 10 1 1473 1 1 1473
7 1 1 304 3 4 253 11 381 21 1 4 253 11 381 21 1 1 693 1 1 693 1 1 418 1 1 418
2 10 1 2749 1 1 2749
3 1 1 149 7 1 1037 1 1 1037
2 8 1 1418 1 1 1418
2 10 2 1785 96 1 2 1785 96
9 1 2 494 8 1 1 286 1 1 286 1 1 727 1 1 727 1 1 655 1 1 655 3 1 2627 1 1 2627
2 10 3 1832 72 500 1 3 1832 72 500
6 6 1 360 1 1 360 1 1 1788 1 1 1788 1 2 637 1784 1 2 637 1784
2 10 1 1072 1 1 1072
4 4 1 510 1 1 510 3 4 488 1053 59 12 1 4 488 1053 59 12
2 10 1 108 1 1 108
2 8 3 1032 78 37 1 3 1032 78 37
4 6 2 633 34 1 2 633 34 1 7 1009 749 163 66 38 237 38 1 7 1009 749 163 66 38 237 38
2 10 1 295 1 1 295
2 8 1 286 1 1 286
4 4 1 733 1 1 733 1 1 388 1 1 388
4 8 1 2196 1 1 2196 1 2 2655 139 1 2 2655 139
2 8 1 2157 1 1 2157
2 8 2 433 1741 1 2 433 1741
2 4 1 575 1 1 575
4 8 1 395 1 1 395 1 1 2729 1 1 2729
5 1 1 239 3 3 424 103 128 1 3 424 103 128 3 2 357 44 1 2 357 44
2 10 1 2278 1 1 2278
2 10 1 983 1 1 983
2 10 2 1532 130 1 2 1532 130
2 6 2 334 425 1 2 334 425
2 6 1 243 1 1 243
2 8 1 1227 1 1 1227
2 10 1 244 1 1 244
2 8 1 1142 1 1 1142
2 10 8 76 470 867 566 687 12 21 22 1 8 76 470 867 566 687 12 21 22
2 10 1 2733 1 1 2733
2 10 1 2693 1 1 2693
4 6 2 303 107 1 2 303 107 1 3 677 641 556 1 3 677 641 556
2 8 12 1912 42 27 35 40 54 119 27 35 40 54 45 1 12 1912 42 27 35 40 54 119 27 35 40 54 45
4 6 1 483 1 1 483 3 4 601 952 77 208 1 4 601 952 77 208
2 6 2 776 32 1 2 776 32
2 10 1 2481 1 1 2481
2 10 2 192 1844 1 2 192 1844
2 8 1 410 1 1 410
2 10 1 607 1 1 607
2 8 1 1784 1 1 1784
2 10 1 1078 1 1 1078
2 10 1 2390 1 1 2390
2 10 1 2760 1 1 2760
2 8 1 1378 1 1 1378
4 6 1 349 1 1 349 3 2 1384 321 1 2 1384 321
2 4 2 496 8 1 2 496 8
2 8 4 808 29 76 322 1 4 808 29 76 322
2 4 1 92 1 1 92
2 10 2 1740 85 1 2 1740 85
2 8 1 249 1 1 249
2 8 1 1458 1 1 1458
2 8 2 2081 275 1 2 2081 275
2 8 1 343 1 1 343
7 1 2 250 59 1 1 209 1 1 209 3 1 245 1 1 245 3 4 179 1934 33 190 1 4 179 1934 33 190
2 10 2 2131 488 1 2 2131 488
4 4 2 678 10 1 2 678 10 5 2 2327 408 1 2 2327 408
2 10 2 549 867 1 2 549 867
4 8 1 1486 1 1 1486 1 2 778 116 1 2 778 116
4 8 3 579 611 646 1 3 579 611 646 1 3 1527 253 12 1 3 1527 253 12
4 6 1 392 1 1 392 3 1 694 1 1 694
5 1 1 268 3 1 167 1 1 167 5 1 420 1 1 420
2 8 1 1134 1 1 1134
2 8 4 168 1901 275 138 1 4 168 1901 275 138
4 8 1 1375 1 1 1375 1 1 307 1 1 307
11 1 1 43 1 1 41 1 1 41 1 1 53 1 1 53 1 1 53 1 1 53 1 1 52 1 1 52 1 18 49 2615 3 5 7 6 2 4 4 5 7 4 2 3 2 4 2 6 1 18 49 2615 3 5 7 6 2 4 4 5 7 4 2 3 2 4 2 6
2 8 3 365 33 879 1 3 365 33 879
5 1 1 290 3 2 303 133 1 2 303 133 3 4 333 165 54 35 1 4 333 165 54 35
2 10 1 1501 1 1 1501
2 4 1 447 1 1 447
3 1 1 255 9 1 589 1 1 589
2 4 1 746 1 1 746
4 6 1 88 1 1 88 1 1 113 1 1 113
4 4 1 676 1 1 676 3 3 986 425 2 1 3 986 425 2
6 4 1 350 1 1 350 3 2 1056 20 1 2 1056 20 1 1 2588 1 1 2588
2 10 1 2743 1 1 2743
2 8 1 2449 1 1 2449
2 8 1 958 1 1 958
2 10 1 1840 1 1 1840
2 4 1 189 1 1 189
2 10 1 860 1 1 860
2 8 1 955 1 1 955
4 6 1 403 1 1 403 1 2 1862 5 1 2 1862 5
4 6 1 794 1 1 794 3 4 396 1592 240 38 1 4 396 1592 240 38
2 6 3 288 30 301 1 3 288 30 301
2 10 1 1920 1 1 1920
2 8 1 1323 1 1 1323
2 6 1 780 1 1 780
2 10 1 2367 1 1 2367
3 1 1 327 7 1 721 1 1 721
1 1 1 527
5 1 1 508 5 2 405 6 1 2 405 6 1 2 1869 6 1 2 1869 6
2 8 1 462 1 1 462
7 1 2 312 102 5 1 798 1 1 798 1 9 381 223 49 788 482 104 35 240 35 1 9 381 223 49 788 482 104 35 240 35 1 1 321 1 1 321
2 6 1 387 1 1 387
2 6 5 46 61 22 48 252 1 5 46 61 22 48 252
8 2 1 305 1 1 305 1 1 742 1 1 742 1 1 611 1 1 611 3 1 2658 1 1 2658
2 10 1 2418 1 1 2418
4 4 1 438 1 1 438 3 1 2432 1 1 2432
1 1 1 491
4 8 1 2165 1 1 2165 1 1 1567 1 1 1567
2 10 2 484 31 1 2 484 31
11 1 2 6 44 1 2 6 42 1 2 6 42 1 2 6 54 1 2 6 54 1 2 6 54 1 2 6 54 1 3 6 53 1361 1 3 6 53 1361 1 6 6 50 1026 64 7 32 1 6 6 50 1026 64 7 32
2 10 1 2374 1 1 2374
2 2 1 139 1 1 139
2 10 1 1282 1 1 1282
2 8 6 1898 24 78 26 249 26 1 6 1898 24 78 26 249 26
2 8 2 219 1120 1 2 219 1120
2 10 1 2484 1 1 2484
5 1 1 236 3 1 521 1 1 521 3 2 376 1804 1 2 376 1804
2 8 1 973 1 1 973
2 10 1 2093 1 1 2093
8 2 1 304 1 1 304 1 1 741 1 1 741 1 2 610 127 1 2 610 127 3 6 174 32 2082 88 281 144 1 6 174 32 2082 88 281 144
2 8 1 2171 1 1 2171
6 4 2 305 263 1 2 305 263 1 1 419 1 1 419 1 4 451 49 10 54 1 4 451 49 10 54
2 8 2 1546 45 1 2 1546 45
2 8 3 194 20 1115 1 3 194 20 1115
4 6 1 496 1 1 496 1 1 597 1 1 597
2 10 2 1608 461 1 2 1608 461
2 8 1 2499 1 1 2499
2 10 1 1634 1 1 1634
6 4 1 148 1 1 148 3 3 164 2304 29 1 3 164 2304 29 1 3 2001 519 125 1 3 2001 519 125
2 10 1 2361 1 1 2361
2 8 1 2451 1 1 2451
2 10 4 872 16 132 936 1 4 872 16 132 936
2 10 1 917 1 1 917
2 10 1 1486 1 1 1486
2 10 1 765 1 1 765
6 6 3 204 13 129 1 3 204 13 129 1 1 650 1 1 650 1 3 502 1167 152 1 3 502 1167 152
2 8 2 2093 275 1 2 2093 275
4 6 1 150 1 1 150 1 1 1127 1 1 1127
2 6 1 242 1 1 242
2 8 1 2452 1 1 2452
2 8 1 1097 1 1 1097
9 1 2 88 21 1 1 58 1 1 58 1 1 70 1 1 70 1 1 70 1 1 70 3 1 237 1 1 237
4 8 1 1708 1 1 1708 1 1 2372 1 1 2372
2 8 2 773 19 1 2 773 19
2 8 1 1345 1 1 1345
4 8 5 251 1178 104 139 38 1 5 251 1178 104 139 38 1 3 1523 424 71 1 3 1523 424 71
2 10 1 2485 1 1 2485
2 10 1 2603 1 1 2603
2 6 1 796 1 1 796
2 10 2 2388 10 1 2 2388 10
2 8 1 1383 1 1 1383
3 1 2 408 54 7 5 1924 64 40 235 40 1 5 1924 64 40 235 40
2 8 2 299 1540 1 2 299 1540
1 1 2 252 228
2 10 1 2528 1 1 2528
2 10 4 260 85 389 385 1 4 260 85 389 385
2 10 1 2486 1 1 2486
2 8 2 2077 275 1 2 2077 275
6 2 1 231 1 1 231 5 1 165 1 1 165 1 9 1108 1050 504 7 11 1 17 7 26 1 9 1108 1050 504 7 11 1 17 7 26
2 6 3 332 32 398 1 3 332 32 398
4 6 1 417 1 1 417 3 2 1987 753 1 2 1987 753
3 1 1 374 9 3 783 619 1213 1 3 783 619 1213
2 10 1 357 1 1 357
2 10 6 661 192 247 175 327 15 1 6 661 192 247 175 327 15
4 6 1 529 1 1 529 3 1 2783 1 1 2783
2 10 1 2237 1 1 2237
3 1 3 344 160 27 9 3 573 867 1089 1 3 573 867 1089
2 10 2 1545 309 1 2 1545 309
2 10 1 1764 1 1 1764
1 1 1 516
2 6 3 239 307 36 1 3 239 307 36
2 6 2 261 592 1 2 261 592
2 10 4 467 62 577 64 1 4 467 62 577 64
2 8 5 1175 5 32 11 16 1 5 1175 5 32 11 16
2 10 1 342 1 1 342
9 1 1 69 1 1 66 1 1 66 3 1 78 1 1 78 1 1 77 1 1 77 1 1 65 1 1 65
8 2 1 284 1 1 284 1 2 726 21 1 2 726 21 1 2 146 489 1 2 146 489 3 2 604 2036 1 2 604 2036
2 10 1 1583 1 1 1583
2 10 1 1741 1 1 1741
6 2 3 71 17 14 1 3 71 17 14 1 1 109 1 1 109 3 1 127 1 1 127
4 4 1 312 1 1 312 5 1 1894 1 1 1894
2 10 1 201 1 1 201
2 8 1 1070 1 1 1070
11 1 1 31 1 1 31 1 1 31 1 1 31 1 1 31 1 1 31 1 1 31 1 1 31 1 1 31 1 1 31 1 1 31
6 4 2 681 10 1 2 681 10 3 1 1415 1 1 1415 1 3 474 1777 553 1 3 474 1777 553
3 1 1 283 9 1 373 1 1 373
4 6 1 89 1 1 89 1 1 114 1 1 114
7 1 2 145 151 3 1 224 1 1 224 1 1 370 1 1 370 1 1 1487 1 1 1487
5 1 1 271 3 1 552 1 1 552 3 3 541 264 57 1 3 541 264 57
2 10 1 2211 1 1 2211
2 10 1 924 1 1 924
2 8 3 1483 611 275 1 3 1483 611 275
6 2 8 167 6 15 34 44 4 6 2 1 8 167 6 15 34 44 4 6 2 1 1 537 1 1 537 5 2 2133 20 1 2 2133 20
2 8 1 529 1 1 529
1 1 1 335
4 4 1 701 1 1 701 1 1 450 1 1 450
2 10 2 1471 475 1 2 1471 475
2 2 1 268 1 1 268
4 8 1 1240 1 1 1240 1 4 492 373 1390 531 1 4 492 373 1390 531
2 10 2 2792 3 1 2 2792 3
1 1 1 166
7 1 2 496 4 5 1 705 1 1 705 1 1 1135 1 1 1135 1 1 2160 1 1 2160
2 8 1 109 1 1 109
2 10 2 1050 17 1 2 1050 17
2 10 2 149 3 1 2 149 3
2 6 1 418 1 1 418
2 8 2 1304 168 1 2 1304 168
2 10 1 2542 1 1 2542
4 4 1 535 1 1 535 3 1 2194 1 1 2194
6 4 1 228 1 1 228 3 2 545 466 1 2 545 466 1 2 748 642 1 2 748 642
2 2 1 256 1 1 256
2 8 3 2096 41 234 1 3 2096 41 234
4 6 1 161 1 1 161 3 3 261 859 343 1 3 261 859 343
4 2 1 269 1 1 269 3 1 745 1 1 745
2 10 2 2079 501 1 2 2079 501
5 1 1 223 7 2 1745 65 1 2 1745 65 1 1 1474 1 1 1474
2 10 1 896 1 1 896
2 10 1 801 1 1 801
2 8 1 569 1 1 569
2 10 1 862 1 1 862
2 10 1 181 1 1 181
1 1 1 517
2 8 2 2097 275 1 2 2097 275
4 8 2 326 649 1 2 326 649 1 1 2594 1 1 2594
2 8 1 387 1 1 387
2 6 1 266 1 1 266
2 10 1 582 1 1 582
2 10 1 726 1 1 726
2 6 2 651 63 1 2 651 63
2 6 1 211 1 1 211
2 10 2 522 641 1 2 522 641
3 1 1 348 3 1 471 1 1 471
2 10 1 1260 1 1 1260
3 1 1 501 5 3 327 52 84 1 3 327 52 84
4 8 2 2063 275 1 2 2063 275 1 1 2011 1 1 2011
2 10 1 2276 1 1 2276
2 10 1 999 1 1 999
2 6 1 500 1 1 500
2 8 1 1697 1 1 1697
2 8 1 2410 1 1 2410
4 6 6 48 61 22 52 4 244 1 6 48 61 22 52 4 244 3 12 232 15 22 169 148 204 81 44 10 94 994 178 1 12 232 15 22 169 148 204 81 44 10 94 994 178
1 1 1 377
4 6 1 118 1 1 118 1 1 42 1 1 42
2 10 1 1467 1 1 1467
2 10 3 273 1278 309 1 3 273 1278 309
4 2 1 191 1 1 191 1 1 134 1 1 134
4 6 3 462 42 148 1 3 462 42 148 3 2 2498 185 1 2 2498 185
2 6 2 207 458 1 2 207 458
4 2 1 240 1 1 240 5 1 2461 1 1 2461
2 8 1 799 1 1 799
4 6 1 508 1 1 508 1 1 1722 1 1 1722
2 10 1 997 1 1 997
2 6 1 202 1 1 202
2 8 1 445 1 1 445
2 4 2 368 215 1 2 368 215
3 1 1 104 1 1 135 1 1 135
8 4 1 137 1 1 137 1 1 702 1 1 702 1 2 2058 275 1 2 2058 275 1 3 209 1784 175 1 3 209 1784 175
2 10 1 1749 1 1 1749
2 2 1 206 1 1 206
4 4 2 307 340 1 2 307 340 3 2 457 146 1 2 457 146
2 4 1 587 1 1 587
2 8 1 1194 1 1 1194
7 1 5 144 62 48 15 170 3 1 223 1 1 223 3 3 539 137 127 1 3 539 137 127 1 1 729 1 1 729
2 10 1 175 1 1 175
2 8 2 2111 275 1 2 2111 275
4 8 4 1887 50 528 5 1 4 1887 50 528 5 1 2 176 2467 1 2 176 2467
2 8 6 331 109 540 65 44 17 1 6 331 109 540 65 44 17
2 4 1 136 1 1 136
2 10 1 2231 1 1 2231
2 8 1 1205 1 1 1205
5 1 3 323 24 107 3 2 410 64 1 2 410 64 3 18 741 146 15 27 684 204 78 47 28 27 41 62 117 28 27 41 62 31 1 18 741 146 15 27 684 204 78 47 28 27 41 62 117 28 27 41 62 31
2 10 1 772 1 1 772
4 8 2 69 65 1 2 69 65 1 3 81 16 16 1 3 81 16 16
2 8 1 2141 1 1 2141
2 10 1 2785 1 1 2785
2 8 1 2139 1 1 2139
8 4 1 617 1 1 617 1 1 830 1 1 830 1 1 634 1 1 634 1 5 177 1553 803 87 149 1 5 177 1553 803 87 149
2 4 1 595 1 1 595
2 8 1 890 1 1 890
3 1 1 354 9 2 519 641 1 2 519 641
2 10 1 939 1 1 939
2 10 1 1479 1 1 1479
5 1 3 318 8 123 3 1 565 1 1 565 3 3 40 117 2338 1 3 40 117 2338
4 6 1 188 1 1 188 3 11 569 437 196 23 211 22 12 15 180 41 9 1 11 569 437 196 23 211 22 12 15 180 41 9
2 8 1 2454 1 1 2454
2 8 1 2133 1 1 2133
2 10 1 2199 1 1 2199
2 10 1 2203 1 1 2203
2 8 1 934 1 1 934
2 8 1 787 1 1 787
2 8 1 1936 1 1 1936
6 6 1 505 1 1 505 1 2 242 330 1 2 242 330 1 8 535 321 247 73 389 86 445 314 1 8 535 321 247 73 389 86 445 314
4 6 2 215 22 1 2 215 22 3 1 1600 1 1 1600
2 10 1 2043 1 1 2043
4 8 1 2182 1 1 2182 1 1 47 1 1 47
2 10 1 2750 1 1 2750
2 8 1 2187 1 1 2187
2 8 1 1689 1 1 1689
11 1 1 34 1 1 34 1 1 34 1 1 34 1 1 34 1 1 34 1 1 34 1 1 34 1 1 34 1 1 34 1 1 34
1 1 1 392
2 10 1 656 1 1 656
2 6 1 443 1 1 443
2 10 1 251 1 1 251
2 8 1 129 1 1 129
3 1 1 176 7 1 369 1 1 369
4 6 1 795 1 1 795 3 3 309 50 995 1 3 309 50 995
2 10 2 455 861 1 2 455 861
2 10 1 1647 1 1 1647
4 6 1 162 1 1 162 3 2 1406 348 1 2 1406 348
2 8 2 2064 275 1 2 2064 275
2 10 1 2768 1 1 2768
2 10 2 945 1448 1 2 945 1448
2 10 1 1644 1 1 1644
2 8 1 443 1 1 443
7 1 1 284 1 1 282 1 1 282 1 1 724 1 1 724 5 2 1965 673 1 2 1965 673
2 6 2 465 34 1 2 465 34
2 8 1 386 1 1 386
11 1 1 64 1 1 142 1 1 142 1 1 104 1 1 104 1 1 98 1 1 98 1 1 146 1 1 146 1 1 69 1 1 69
3 1 2 510 27 5 1 826 1 1 826
2 8 1 2455 1 1 2455
2 6 6 37 46 191 18 13 19 1 6 37 46 191 18 13 19
4 4 3 544 4 30 1 3 544 4 30 3 3 982 7 51 1 3 982 7 51
2 8 1 998 1 1 998
1 1 1 224
2 8 2 583 37 1 2 583 37
4 2 1 263 1 1 263 7 3 749 322 320 1 3 749 322 320
5 1 1 137 7 1 672 1 1 672 1 8 544 767 100 283 152 76 5 11 1 8 544 767 100 283 152 76 5 11
2 8 1 1448 1 1 1448
6 4 1 584 1 1 584 3 1 1284 1 1 1284 1 1 405 1 1 405
2 10 5 596 123 124 284 432 1 5 596 123 124 284 432
2 10 1 2126 1 1 2126
4 4 1 235 1 1 235 5 1 2119 1 1 2119
2 2 4 76 17 14 17 1 4 76 17 14 17
2 6 1 158 1 1 158
2 8 1 938 1 1 938
6 4 1 236 1 1 236 3 1 1200 1 1 1200 1 4 1240 788 30 62 1 4 1240 788 30 62
2 2 1 152 1 1 152
2 8 4 169 1929 275 110 1 4 169 1929 275 110
2 10 1 2487 1 1 2487
2 10 1 2165 1 1 2165
2 8 1 486 1 1 486
4 8 1 570 1 1 570 1 1 283 1 1 283
2 6 1 354 1 1 354
2 10 1 169 1 1 169
2 4 1 713 1 1 713
2 4 1 555 1 1 555
2 10 3 208 1959 416 1 3 208 1959 416
2 8 2 121 581 1 2 121 581
2 10 1 387 1 1 387
2 10 1 1775 1 1 1775
4 4 1 210 1 1 210 3 1 2123 1 1 2123
4 4 2 201 518 1 2 201 518 5 1 2290 1 1 2290
2 8 1 1858 1 1 1858
2 8 3 1292 16 170 1 3 1292 16 170
2 2 1 288 1 1 288
2 10 1 984 1 1 984
2 10 1 2295 1 1 2295
2 10 3 592 993 256 1 3 592 993 256
2 8 1 2435 1 1 2435
2 8 8 1925 64 40 84 151 40 84 68 1 8 1925 64 40 84 151 40 84 68
2 10 1 2753 1 1 2753
3 1 1 359 5 1 690 1 1 690
2 8 7 1904 42 60 42 173 60 42 1 7 1904 42 60 42 173 60 42
11 1 1 15 1 1 15 1 1 15 1 1 15 1 1 15 1 1 15 1 1 15 1 1 15 1 1 15 1 1 15 1 1 15
1 1 1 195
1 1 1 286
2 8 1 1054 1 1 1054
2 10 1 2128 1 1 2128
2 10 1 500 1 1 500
2 10 3 965 59 166 1 3 965 59 166
2 10 1 2754 1 1 2754
2 8 1 1637 1 1 1637
4 6 2 454 392 1 2 454 392 3 1 2412 1 1 2412
2 4 1 80 1 1 80
2 10 1 2512 1 1 2512
2 8 2 282 90 1 2 282 90
4 6 2 138 687 1 2 138 687 1 1 1416 1 1 1416
4 4 1 150 1 1 150 5 2 2000 137 1 2 2000 137
2 10 1 2002 1 1 2002
8 4 1 233 1 1 233 1 1 479 1 1 479 1 1 2211 1 1 2211 1 2 1245 351 1 2 1245 351
2 10 1 2488 1 1 2488
11 1 3 5 41 17 1 3 5 39 97 1 3 5 39 97 1 6 5 51 47 323 105 136 1 6 5 51 47 323 105 136 1 3 5 51 41 1 3 5 51 41 1 33 5 50 90 205 1576 2 33 2 27 2 38 2 33 2 4 13 30 2 59 23 38 2 27 2 38 2 33 2 4 13 30 2 66 1 33 5 50 90 205 1576 2 33 2 27 2 38 2 33 2 4 13 30 2 59 23 38 2 27 2 38 2 33 2 4 13 30 2 66 1 3 5 47 16 1 3 5 47 16
2 8 3 737 440 15 1 3 737 440 15
4 6 1 153 1 1 153 3 1 2676 1 1 2676
2 8 1 651 1 1 651
2 8 1 2418 1 1 2418
2 10 1 2489 1 1 2489
2 8 2 2119 275 1 2 2119 275
6 6 1 732 1 1 732 1 1 968 1 1 968 1 1 1002 1 1 1002
2 8 1 1840 1 1 1840
2 8 1 272 1 1 272
2 10 1 421 1 1 421
2 10 1 1509 1 1 1509
2 10 2 568 867 1 2 568 867
2 4 1 422 1 1 422
4 6 1 233 1 1 233 3 11 245 36 345 113 239 30 317 37 14 337 375 1 11 245 36 345 113 239 30 317 37 14 337 375
4 8 2 384 229 1 2 384 229 1 1 298 1 1 298
2 8 1 82 1 1 82
2 6 1 642 1 1 642
2 4 1 562 1 1 562
1 1 1 535
2 10 2 1543 309 1 2 1543 309
6 2 2 281 4 1 2 281 4 5 1 2129 1 1 2129 1 2 2077 124 1 2 2077 124
2 10 1 1302 1 1 1302
2 8 1 1224 1 1 1224
2 6 2 203 13 1 2 203 13
11 1 1 35 1 1 35 1 1 35 1 1 35 1 1 35 1 1 35 1 1 35 1 1 35 1 1 35 1 1 35 1 1 35
4 8 1 2121 1 1 2121 1 2 1755 326 1 2 1755 326
9 1 2 397 102 1 1 294 1 1 294 3 5 117 257 3 116 273 1 5 117 257 3 116 273 1 3 160 1771 547 1 3 160 1771 547 1 7 1813 261 135 307 14 93 3 1 7 1813 261 135 307 14 93 3
10 2 3 176 7 17 1 3 176 7 17 1 2 197 254 1 2 197 254 1 6 184 513 13 43 50 13 1 6 184 513 13 43 50 13 1 1 1625 1 1 1625 1 12 229 37 101 68 196 238 260 214 112 39 20 674 1 12 229 37 101 68 196 238 260 214 112 39 20 674
2 4 2 680 10 1 2 680 10
2 10 1 1342 1 1 1342
2 10 1 2490 1 1 2490
11 1 1 67 1 1 145 1 1 145 1 1 107 1 1 107 1 1 101 1 1 101 1 1 149 1 1 149 1 1 72 1 1 72
2 10 1 2493 1 1 2493
3 1 1 214 9 2 1654 1152 1 2 1654 1152
6 4 1 97 1 1 97 3 1 115 1 1 115 1 1 89 1 1 89
2 6 1 775 1 1 775
2 10 2 122 8 1 2 122 8
2 4 1 112 1 1 112
3 1 1 246 7 2 2082 275 1 2 2082 275
2 10 1 2799 1 1 2799
2 10 1 372 1 1 372
1 1 1 76
2 4 1 417 1 1 417
2 10 2 219 1959 1 2 219 1959
2 10 1 289 1 1 289
2 10 1 2492 1 1 2492
4 8 2 1884 590 1 2 1884 590 1 2 127 581 1 2 127 581
2 10 1 2736 1 1 2736
2 8 2 2168 292 1 2 2168 292
2 10 1 2072 1 1 2072
4 6 4 290 8 22 301 1 4 290 8 22 301 3 1 2123 1 1 2123
2 10 2 756 642 1 2 756 642
4 6 1 347 1 1 347 3 1 2220 1 1 2220
4 8 2 1407 241 1 2 1407 241 1 1 293 1 1 293
3 1 2 360 95 9 1 2688 1 1 2688
2 4 3 603 9 15 1 3 603 9 15
2 6 1 436 1 1 436
1 1 1 469
2 10 1 2491 1 1 2491
2 8 1 120 1 1 120
2 10 1 2494 1 1 2494
2 10 2 290 398 1 2 290 398
2 8 1 448 1 1 448
4 8 3 907 727 11 1 3 907 727 11 1 2 1044 105 1 2 1044 105
4 8 1 2149 1 1 2149 1 7 288 470 642 399 569 192 50 1 7 288 470 642 399 569 192 50
11 1 8 1 3 3 7 7 7 5 9 1 8 1 3 3 7 7 7 5 7 1 8 1 3 3 7 7 7 5 7 1 8 1 3 3 7 7 7 5 19 1 8 1 3 3 7 7 7 5 19 1 8 1 3 3 7 7 7 5 19 1 8 1 3 3 7 7 7 5 19 1 8 1 3 3 7 7 7 5 18 1 8 1 3 3 7 7 7 5 18 1 8 1 3 3 7 7 7 5 15 1 8 1 3 3 7 7 7 5 15
2 10 1 2599 1 1 2599
2 10 1 610 1 1 610
2 10 1 317 1 1 317
4 6 1 526 1 1 526 3 1 2316 1 1 2316
2 8 1 1618 1 1 1618
2 8 1 439 1 1 439
4 4 1 708 1 1 708 5 1 2501 1 1 2501
2 10 4 760 281 34 513 1 4 760 281 34 513
2 10 1 2046 1 1 2046
6 6 2 412 214 1 2 412 214 1 3 1650 226 625 1 3 1650 226 625 1 1 820 1 1 820
4 4 1 238 1 1 238 5 2 383 1739 1 2 383 1739
4 4 1 212 1 1 212 3 1 1790 1 1 1790
2 10 3 236 1746 212 1 3 236 1746 212
2 10 1 1981 1 1 1981
6 4 1 287 1 1 287 3 1 508 1 1 508 1 3 922 191 1613 1 3 922 191 1613
2 10 1 335 1 1 335
2 10 1 195 1 1 195
2 8 1 2212 1 1 2212
2 10 4 46 98 70 1959 1 4 46 98 70 1959
2 8 1 1753 1 1 1753
2 10 1 1512 1 1 1512
2 6 1 296 1 1 296
2 6 1 709 1 1 709
2 10 1 2496 1 1 2496
2 8 1 1157 1 1 1157
2 8 3 366 33 879 1 3 366 33 879
4 8 2 2118 275 1 2 2118 275 1 1 2758 1 1 2758
3 1 1 136 5 1 801 1 1 801
2 10 1 2757 1 1 2757
2 10 1 2577 1 1 2577
4 8 4 1176 15 774 275 1 4 1176 15 774 275 1 3 566 867 1131 1 3 566 867 1131
2 8 1 1098 1 1 1098
2 10 1 996 1 1 996
8 4 1 209 1 1 209 1 1 784 1 1 784 1 2 633 773 1 2 633 773 1 2 355 454 1 2 355 454
2 8 1 1350 1 1 1350
4 8 1 659 1 1 659 1 6 597 435 458 32 321 565 1 6 597 435 458 32 321 565
2 6 2 119 193 1 2 119 193
2 10 3 377 161 79 1 3 377 161 79
2 2 1 32 1 1 32
2 10 1 2495 1 1 2495
7 1 1 37 3 1 37 1 1 37 3 2 1408 244 1 2 1408 244 1 4 2673 19 20 20 1 4 2673 19 20 20
2 10 1 2497 1 1 2497
7 1 2 74 6 5 2 80 10 1 2 80 10 1 2 104 13 1 2 104 13 1 5 105 16 12 3 792 1 5 105 16 12 3 792
2 8 1 1006 1 1 1006
4 6 1 85 1 1 85 1 1 110 1 1 110
2 8 1 1596 1 1 1596
2 10 1 2139 1 1 2139
6 4 1 703 1 1 703 3 1 1498 1 1 1498 1 2 659 1662 1 2 659 1662
2 8 1 1838 1 1 1838
2 8 1 1495 1 1 1495
2 10 1 2499 1 1 2499
2 8 1 1230 1 1 1230
