11 12 3 3 102 91 1 2 3 132 1 2 3 69 1 1 3 1 1 3 1 2 3 94 1 3 3 96 968 1 1 3 1 2 3 71 1 4 3 1484 46 12 1 1 3
1 14 2 12 54
1 19 1 13
3 13 2 85 20 3 1 76 3 1 70
11 12 3 10 87 646 1 1 10 1 2 10 55 1 2 10 87 1 1 10 1 2 10 69 1 2 10 71 1 1 10 1 1 10 1 1 10 1 1 10
3 12 1 42 3 1 67 3 1 12
4 12 1 99 5 7 67 38 87 6 7 5 6 1 5 195 6 7 5 6 3 1 69
7 12 1 18 1 1 18 1 1 18 1 1 18 1 1 18 1 1 18 1 1 18
4 19 1 18 1 1 18 1 1 18 1 1 18
1 12 1 20
3 12 1 13 5 1 13 4 1 13
3 12 2 12 86 4 1 64 2 2 69 38
1 16 1 13
3 16 2 66 11 1 1 313 1 2 316 501
1 19 2 12 57
2 12 1 742 6 2 70 38
1 17 1 20
1 18 1 20
1 18 1 13
11 12 7 2 56 1 48 1 86 775 1 3 2 55 1 1 4 2 54 1 1372 1 3 2 56 1 1 5 2 53 1 75 641 1 5 2 56 1 190 482 1 8 2 58 1 191 359 465 3 5 1 3 2 57 1 1 3 2 53 1 1 3 2 56 1 1 4 2 52 1 14
3 12 9 173 324 242 59 81 20 20 48 33 4 1 851 1 1 740
2 12 1 81 8 1 122
2 17 1 43 1 1 45
6 14 3 67 14 738 2 2 120 737 1 2 76 665 1 1 78 1 1 68 1 2 12 55
1 19 1 152
3 16 1 863 1 1 742 4 1 67
1 14 1 41
1 17 1 1194
1 15 1 43
1 20 1 40
1 15 1 42
1 16 1 81
1 21 1 44
1 18 1 94
3 16 1 866 1 1 743 5 1 538
1 14 1 464
1 18 1 58
1 20 1 2258
3 16 1 869 1 1 744 3 1 66
1 17 1 664
1 19 1 43
1 17 2 669 15
1 14 1 1018
1 14 1 13
6 12 1 644 2 1 389 2 1 874 1 1 745 4 1 1678 1 2 63 23
3 17 4 284 320 25 250 1 2 287 317 3 1 747
1 22 1 750
1 19 1 45
1 17 1 92
1 17 1 56
1 17 1 624
2 17 1 42 1 1 44
4 14 2 550 102 2 1 880 1 1 746 3 1 68
2 17 1 609 1 1 609
2 17 4 549 40 10 40 1 3 549 40 10
2 17 3 539 20 130 1 2 539 20
1 17 1 659
1 19 1 20
1 17 1 709
1 17 1 619
1 14 1 20
1 16 1 883
1 16 1 887
1 21 1 1745
1 18 1 1026
3 16 1 891 1 1 747 4 2 12 56
2 17 1 584 1 1 584
2 17 4 534 35 25 40 1 2 569 25
2 17 1 44 1 1 46
1 17 1 654
1 16 1 41
1 12 1 26
1 17 1 679
1 22 1 2060
1 20 1 13
4 14 1 1038 2 1 894 1 3 30 94 624 4 2 197 13
2 17 1 574 1 1 574
1 21 1 43
1 17 1 644
1 17 1 614
1 20 1 41
1 22 5 430 6 273 211 706
1 22 1 20
1 22 2 923 365
1 17 1 714
2 17 1 554 1 1 554
3 13 1 41 3 1 898 1 1 749
2 17 1 544 1 1 544
1 12 1 27
1 17 1 1174
1 13 1 158
1 17 1 947
1 12 1 877
1 17 1 694
1 21 1 1313
1 13 2 387 5
1 18 1 1064
1 18 1 1040
1 18 1 1036
1 18 1 1046
2 18 1 1069 1 1 1209
1 18 1 1056
2 16 2 148 1380 2 1 1050
1 18 1 87
1 21 1 1502
1 22 2 150 5
10 12 3 192 666 117 1 2 372 2 1 4 71 135 602 625 1 4 117 273 7 122 1 1 779 1 7 732 105 74 78 49 92 54 2 1 764 1 1 2356 1 2 1532 12 1 1 70
4 15 1 44 1 3 73 5 824 1 1 750 4 1 1334
11 12 1 60 1 1 59 1 1 58 1 1 60 1 1 57 1 1 60 1 1 62 1 1 61 1 1 57 1 1 60 1 1 56
1 18 1 1006
1 16 1 121
2 17 1 890 1 3 631 429 10
1 18 1 693
2 18 2 808 70 3 1 1615
3 12 5 117 397 232 34 126 5 2 278 15 1 3 281 15 495
3 12 3 41 699 177 5 6 281 762 65 148 6 11 1 3 284 406 412
4 13 1 191 1 1 169 3 9 257 3 7 8 57 73 28 10 657 1 23 32 95 133 3 7 8 57 73 28 10 88 80 29 73 28 26 17 10 4 19 30 11 25
3 12 7 468 2 2 2 2 359 9 5 9 194 28 41 58 5 3 6 6 76 1 9 197 28 41 58 5 3 6 6 76
4 12 11 458 2 2 2 2 330 5 8 11 77 28 4 1 149 1 3 200 106 32 1 3 203 106 32
4 14 7 290 100 6 155 102 167 219 3 6 207 5 15 3 79 468 1 5 210 5 15 3 79 3 1 1034
6 13 1 286 1 2 135 84 3 3 235 596 21 1 1 238 1 2 357 853 2 4 105 20 1366 342
11 12 2 9 87 1 3 9 95 374 1 2 9 55 1 4 9 57 30 447 1 4 9 54 12 1454 1 4 9 57 12 26 1 4 9 59 12 26 1 2 9 58 1 2 9 56 1 3 9 57 1775 1 2 9 53
2 13 1 84 9 1 85
1 21 1 1677
1 13 1 20
2 17 1 649 5 2 38 57
1 14 1 42
2 12 1 24 5 1 729
1 20 1 20
1 16 1 39
1 17 1 674
1 15 1 41
1 14 1 39
1 22 2 37 57
1 17 1 1067
2 16 1 908 1 1 751
1 12 1 103
5 13 1 225 1 1 289 2 1 913 1 2 29 723 3 1 39
1 22 1 97
3 16 1 917 1 1 753 2 1 19
1 13 1 29
1 17 1 724
1 15 1 56
1 21 1 20
3 16 1 921 1 1 754 5 1 554
1 17 1 704
2 19 1 44 3 1 96
2 16 1 928 1 1 755
1 22 1 39
1 17 2 1122 48
1 13 1 36
1 17 1 85
3 13 1 391 3 1 931 1 1 756
1 17 1 719
1 16 1 20
3 13 1 82 3 1 936 6 3 83 352 170
2 17 1 579 1 1 579
11 12 1 94 1 1 102 1 1 62 1 2 64 30 1 2 61 881 1 2 64 38 1 2 66 38 1 1 65 1 1 63 1 2 64 1509 1 1 60
1 13 1 11
2 12 1 11 2 1 11
1 15 1 11
1 17 1 11
2 16 1 11 2 1 11
1 19 1 11
1 21 1 11
1 20 1 11
1 22 1 11
1 16 1 948
1 15 1 509
7 12 3 190 723 64 2 1 80 2 2 784 742 1 2 733 272 1 1 1074 2 1 2359 1 1 1772
3 13 3 12 74 20 3 1 952 3 1 937
1 12 1 79
1 16 1 956
1 16 1 961
1 16 1 965
1 22 1 474
1 19 1 57
1 17 1 1178
1 16 1 969
1 16 1 89
1 16 1 53
1 22 1 13
4 13 1 107 3 1 973 2 2 71 38 4 2 65 23
1 15 1 20
1 13 1 113
2 17 1 564 1 1 564
3 13 1 87 3 1 977 1 2 69 38
1 13 1 55
1 13 1 13
2 16 1 984 2 1 83
1 15 1 91
1 16 1 991
1 15 1 37
2 15 3 12 56 30 1 2 998 510
1 16 1 1005
1 22 1 72
3 14 1 1334 3 1 153 1 1 156
1 21 1 1561
5 12 2 188 791 2 1 79 2 1 789 1 1 734 1 1 1077
3 16 1 1012 4 1 19 1 1 666
1 16 1 1019
1 21 1 1638
1 21 1 1626
2 16 1 1027 1 1 80
1 16 4 12 28 25 970
2 15 2 69 30 1 1 1043
1 15 1 13
2 16 1 1047 6 3 12 52 23
1 21 1 56
1 16 1 1051
1 17 1 699
2 16 1 1055 5 1 660
1 21 1 718
1 16 1 1060
3 16 1 1066 1 1 12 1 1 82
1 16 1 792
1 17 1 86
1 18 1 88
1 16 1 83
1 17 1 37
1 18 1 39
1 18 1 962
4 12 9 119 64 271 62 236 30 29 26 146 4 1 796 1 1 735 5 1 71
6 14 2 1324 1 2 2 389 683 3 1 929 1 1 38 1 1 19 1 2 40 1696
4 12 1 805 5 1 396 1 1 399 3 1 854
1 17 1 1250
2 12 1 19 4 1 1078
1 16 1 1082
2 16 1 1087 1 1 81
1 14 1 54
2 16 1 1092 6 2 19 1664
2 13 1 42 3 1 1097
3 13 1 43 3 1 1102 1 2 68 38
1 12 1 91
1 16 1 1107
1 12 1 56
1 16 1 1112
1 16 1 1117
1 13 1 74
1 21 1 1568
7 12 2 181 806 2 1 928 2 1 803 1 3 250 486 100 1 3 253 813 14 2 1 73 1 1 1666
2 16 2 391 731 1 1 806
1 21 4 752 70 50 73
1 21 1 724
1 16 1 1126
2 13 1 19 3 1 1130
1 16 1 1134
1 16 1 1138
1 16 1 1142
1 16 1 1146
1 16 1 1150
1 16 1 1154
3 14 1 73 2 1 1158 5 1 204
3 16 1 1166 5 1 274 1 1 740
2 17 1 414 1 1 417
2 16 1 1174 3 1 42
1 16 2 38 1144
1 16 3 105 336 744
2 14 1 40 2 1 1191
1 12 1 768
1 14 1 973
7 12 3 179 667 144 4 2 366 443 1 1 737 1 2 832 241 1 1 947 2 2 1570 95 1 1 434
5 14 1 19 2 2 393 802 3 1 915 1 1 125 1 1 269
1 21 1 1103
1 16 1 1199
1 16 1 1203
1 22 1 52
1 16 1 1208
2 16 1 1212 5 1 42
1 16 1 1218
2 16 1 1223 5 1 289
2 16 1 1233 5 1 370
3 16 1 1239 1 1 41 1 1 43
2 16 1 1245 5 1 771
8 12 4 88 89 645 172 1 2 70 153 1 3 99 35 84 2 1 815 1 2 120 618 1 2 122 963 1 2 95 261 2 2 123 1082
1 16 1 1251
3 13 1 40 2 1 19 1 1 1256
1 16 1 82
1 16 1 1262
1 16 2 19 1248
1 18 1 29
1 20 1 128
1 21 1 1080
1 16 1 819
1 16 1 823
2 16 1 827 5 2 221 1155
1 16 1 831
1 16 1 835
1 16 1 839
1 16 1 843
3 12 6 25 150 625 108 16 72 4 2 119 728 1 1 739
1 16 1 132
1 22 1 746
1 17 1 813
1 12 1 862
1 21 1 32
2 17 1 19 1 1 19
1 21 1 41
1 20 1 82
1 20 1 53
1 20 1 131
1 14 1 88
1 14 2 1054 104
1 21 2 165 1295
1 12 2 938 7
1 22 1 1031
1 22 1 1434
1 15 1 532
1 15 1 535
1 15 2 223 200
2 13 2 169 30 8 1 1452
5 16 2 84 7 1 2 87 23 1 2 89 23 1 1 85 2 2 74 906
1 18 1 914
2 18 2 898 105 2 1 568
3 14 2 573 179 5 1 494 2 4 694 293 119 231
1 22 3 671 375 781
1 22 1 1877
1 21 1 1700
3 13 6 249 20 33 19 29 11 2 1 437 6 1 596
1 14 1 1432
1 13 3 130 43 30
1 22 1 1102
2 17 1 155 1 1 158
2 12 2 292 594 3 1 541
1 19 3 727 43 32
2 19 1 426 3 1 1891
1 12 1 892
2 21 1 900 1 2 1580 211
11 12 1 23 1 1 39 1 1 38 1 1 40 1 1 37 1 1 40 1 1 42 1 1 41 1 1 37 1 1 40 1 1 36
1 22 2 440 120
1 22 1 112
1 21 1 512
2 21 1 406 1 1 714
1 21 1 1067
1 14 1 1241
3 12 2 633 27 9 4 734 216 53 46 1 1 813
3 12 1 1005 1 3 396 16 54 1 1 1508
1 19 3 771 22 12
1 21 1 1512
1 21 2 95 1726
1 12 1 483
1 21 1 1007
1 21 2 216 1046
1 16 1 1458
1 22 1 1347
1 19 1 1198
2 16 11 100 362 39 155 3 88 3 2 4 3 428 5 2 572 469
1 14 1 938
1 22 1 266
1 18 1 1014
2 21 1 1612 1 1 251
1 14 1 1003
4 12 2 104 618 3 1 90 2 2 96 3 1 2 98 3
1 21 1 1478
1 19 1 719
1 21 1 1079
2 14 1 466 7 1 1336
1 15 1 536
1 20 1 1138
1 21 1 203
1 19 1 223
1 12 1 900
1 21 8 147 301 107 132 329 94 178 53
1 21 2 236 768
1 21 13 85 31 21 95 8 15 46 61 96 543 255 10 153
1 22 2 617 203
1 17 1 1028
1 16 1 147
1 16 1 299
2 17 1 156 1 1 159
2 14 4 455 73 420 72 8 1 743
1 14 1 449
1 12 1 77
1 19 1 214
1 12 1 634
1 13 1 219
1 16 2 434 1019
1 20 4 1165 3 113 300
1 22 1 987
1 16 1 259
1 22 2 1335 625
1 12 1 228
1 20 1 140
1 22 1 589
7 12 3 574 52 70 1 1 176 1 1 687 2 1 1489 3 3 589 45 37 2 3 309 118 149 1 1 1822
1 16 1 1425
2 19 2 413 335 3 1 770
1 13 1 404
1 20 1 143
3 19 1 864 2 1 851 1 1 1938
2 13 1 427 6 1 179
3 13 1 410 1 2 366 9 2 1 298
3 15 1 255 1 1 124 6 1 1270
5 13 1 172 3 2 185 1031 3 2 503 221 1 1 146 2 24 200 7 19 26 1 8 6 2 4 9 23 13 18 34 5 11 8 8 483 640 57 78 206 96
1 14 1 599
1 22 3 506 214 209
2 21 1 167 1 2 1520 172
1 15 1 231
1 14 1 469
1 22 1 1820
1 19 7 108 69 182 3 790 20 19
1 19 1 239
1 19 1 334
1 19 1 338
3 12 1 973 1 1 299 1 3 283 31 64
1 16 3 123 6 1026
2 19 3 653 34 317 2 1 1539
4 14 1 1228 2 1 1439 5 1 294 1 1 1940
1 13 1 401
1 21 2 1072 12
1 15 1 433
2 19 1 519 1 2 1186 3
1 22 1 2099
1 21 1 1157
8 12 1 63 2 1 70 1 1 72 1 1 69 1 1 72 1 1 74 1 1 73 2 3 72 133 527
2 17 1 158 1 1 161
1 16 1 1301
3 16 1 658 3 1 451 2 1 1417
2 12 1 432 10 1 986
1 19 1 592
1 19 2 1018 52
11 12 1 50 1 1 49 1 1 48 1 1 50 1 1 47 1 1 50 1 1 52 1 1 51 1 1 47 1 1 50 1 1 46
1 14 11 386 20 135 94 165 16 27 117 9 46 18
1 22 1 593
1 21 1 1204
2 14 1 1037 2 1 317
1 12 1 986
1 17 1 1069
1 21 2 280 101
2 17 1 420 1 1 423
1 21 2 1741 10
3 12 1 456 7 1 344 3 1 2038
1 21 2 648 483
1 15 1 459
1 22 1 1009
2 16 1 668 5 2 894 150
2 21 2 1397 71 1 7 188 271 38 163 88 584 701
3 14 1 179 5 1 936 2 2 665 764
1 20 1 332
1 21 1 1210
2 17 1 781 5 1 564
2 13 1 423 6 2 234 25
2 17 1 159 1 1 162
1 19 2 230 2
1 19 4 514 54 109 17
1 12 1 491
1 19 3 323 821 22
1 15 1 350
1 15 1 525
1 19 1 720
1 22 2 191 540
1 20 1 149
1 16 2 519 118
2 17 1 160 1 1 163
1 21 1 1564
2 15 1 458 6 2 1527 316
1 19 2 326 450
1 20 2 29 49
1 17 1 763
1 19 1 1104
2 13 2 345 2 1 4 1035 16 103 12
2 13 1 256 9 5 584 137 191 18 126
1 22 1 502
1 21 1 840
1 19 2 726 129
1 20 1 334
2 14 1 1146 7 1 443
1 21 1 653
2 17 1 161 1 1 164
1 14 1 1129
1 22 2 522 1443
1 22 1 791
3 19 1 1116 2 8 213 12 29 555 197 17 43 635 1 3 548 426 841
2 19 1 367 3 2 597 409
1 22 1 805
1 12 1 451
2 17 1 163 1 1 166
1 21 1 124
3 12 1 459 2 1 613 2 1 325
1 16 1 1268
3 12 1 591 9 2 538 1241 1 6 1404 285 219 72 49 60
2 17 2 125 16 1 2 128 16
2 17 1 164 1 1 167
1 17 1 764
5 13 10 248 20 20 13 19 17 12 11 18 16 5 1 786 1 1 1059 2 2 1089 244 1 1 952
1 13 1 430
1 14 1 1061
1 21 1 434
1 21 1 1008
1 21 1 519
1 14 2 1217 187
1 16 1 787
3 13 3 170 30 10 2 1 449 6 1 1713
1 15 1 485
3 14 1 863 5 1 797 2 1 292
1 17 1 790
1 20 1 2652
1 19 1 846
1 12 1 234
1 20 1 336
3 14 1 880 1 1 253 4 1 1159
1 16 5 134 323 13 883 161
1 16 1 28
2 12 2 208 480 1 1 334
1 20 1 367
1 21 1 1444
1 14 2 410 20
2 20 1 2376 2 1 343
1 16 1 1488
1 21 2 1497 8
2 18 1 966 3 1 1656
1 21 1 1559
2 16 3 854 229 6 4 10 339 2 3 54 794 3 60 1016 108 6
2 14 1 1088 2 2 1192 4
1 20 1 2382
1 15 1 154
1 15 2 177 295
1 14 3 531 431 61
2 14 1 695 7 1 570
1 16 1 743
1 20 15 151 4 191 2 3 546 3 4 35 447 4 302 7 4 1270
1 22 1 764
2 21 1 601 1 23 151 5 55 75 8 7 108 7 197 24 179 28 6 7 2 7 2 727 12 36 120 38 109
2 21 2 1134 248 1 1 213
1 22 2 27 99
1 22 2 1195 146
1 17 1 1141
2 16 1 811 6 2 984 192
1 12 13 113 8 3 3 176 23 5 10 22 8 579 3 6
1 12 1 956
2 19 3 580 254 241 1 2 1290 52
2 12 1 931 4 9 199 211 722 4 4 4 4 4 375
1 12 1 850
1 22 1 1740
1 22 1 1422
1 22 1 1133
1 14 2 262 848
2 14 2 611 146 8 2 566 1220
1 22 1 590
1 21 1 1363
2 20 5 159 2 3 3 2 1 1 791
1 20 3 172 2 2
1 22 1 364
2 12 1 297 7 2 416 34
1 20 1 179
1 17 1 979
1 12 2 638 21
1 14 3 533 424 68
1 14 1 490
1 12 1 364
3 13 1 408 2 3 210 24 25 7 1 711
1 19 2 674 17
4 13 1 464 6 5 876 187 39 24 51 1 8 102 1 79 4 4 1008 219 315 1 1 1187
1 20 1 195
2 12 1 842 10 2 447 42
2 17 1 165 1 1 168
1 19 1 596
1 19 2 557 56
7 12 1 169 1 1 202 1 1 761 1 1 488 5 5 199 2 3 3 2059 1 1 1071 1 2 1724 422
1 14 1 604
3 14 1 1010 6 1 210 2 1 2133
1 19 1 868
1 14 3 330 20 1192
5 12 1 571 2 2 1234 34 1 1 436 4 1 754 1 1 213
1 12 1 330
1 21 2 99 1726
1 21 1 1667
1 21 4 157 552 574 149
1 13 1 160
1 13 1 119
1 20 2 571 94
2 13 1 157 3 1 411
2 16 2 250 4 4 2 353 3
1 20 1 2388
1 12 1 220
2 19 2 852 242 1 1 1201
1 14 1 1445
1 16 1 1515
1 16 1 309
2 17 1 166 1 1 169
4 14 1 1305 2 4 994 7 7 7 4 1 216 1 1 879
1 13 1 419
1 14 1 411
2 13 1 227 1 2 175 530
1 13 1 473
1 13 4 26 52 42 359
2 17 1 373 1 1 376
1 22 3 971 243 419
4 12 1 1007 5 2 143 615 1 2 146 469 1 1 1197
1 19 1 337
1 12 1 962
2 19 3 464 60 576 1 7 220 2 950 10 22 223 23
1 22 2 757 919
1 22 1 1272
1 16 1 397
1 16 2 864 3
1 22 3 1016 808 2
1 14 3 120 1370 5
2 14 2 1198 187 2 1 195
2 17 1 167 1 1 170
1 21 2 96 1726
1 19 1 169
1 12 1 943
1 12 1 936
1 19 2 148 116
1 21 3 658 331 113
1 22 3 732 261 664
2 17 1 436 1 1 439
4 15 19 109 35 15 14 12 8 88 22 15 4 40 8 6 5 10 7 16 54 43 4 3 175 992 27 2 4 1749 14 13 13 1 10 406 635 199 239 281 174 44 18 8 130
1 15 1 426
2 12 1 150 4 1 237
1 22 1 1237
1 19 1 373
1 15 2 208 203
1 16 2 915 4
2 12 1 998 1 1 163
1 14 1 328
1 22 1 1309
1 20 2 359 2
2 14 2 122 1378 6 3 225 138 544
1 14 1 193
1 17 1 1247
1 20 1 1208
1 12 1 828
1 20 4 227 2164 3 4
2 13 1 296 1 1 1225
1 22 1 1998
1 21 1 795
1 14 3 392 5 644
1 14 2 668 136
1 17 1 804
2 17 1 168 1 1 171
1 21 1 1009
1 20 1 574
1 19 2 594 70
1 12 1 904
1 14 1 781
2 17 1 243 1 1 246
2 21 1 1806 1 2 741 476
1 20 3 365 846 3
1 20 9 369 2 3 844 3 4 1178 3 4
1 16 3 26 110 1387
1 12 2 210 16
1 13 1 403
1 20 1 2574
1 22 1 1182
1 14 1 592
1 19 1 151
2 17 1 169 1 1 172
2 17 1 170 1 1 173
3 14 1 104 7 1 1619 1 1 2058
2 21 3 1099 198 294 1 2 980 1148
1 20 1 230
1 14 2 1094 8
1 20 4 376 852 96 1089
1 16 1 361
1 17 1 1205
1 15 1 85
1 21 2 368 30
1 20 1 577
1 22 4 448 42 108 114
2 19 4 890 29 35 43 1 2 1500 1324
1 20 3 1231 1185 3
3 12 1 843 4 3 1090 236 149 4 1 2423
4 13 1 317 1 1 1473 5 3 483 79 493 1 12 233 4 2 4 3 3 3 3 2 3 557 53
3 16 1 86 1 1 89 1 1 91
1 13 1 426
4 12 1 238 5 3 245 2 1027 1 3 248 2 853 4 4 651 414 106 568
1 21 1 1415
1 18 1 1058
2 17 1 331 1 1 334
1 20 1 263
5 13 1 61 2 2 76 11 2 1 93 1 1 95 2 1 87
1 20 4 266 2 3 3
2 17 1 171 1 1 174
1 20 1 381
1 20 3 276 958 1192
4 12 4 524 97 21 27 1 10 31 84 39 8 30 30 149 5 5 8 1 26 30 71 62 8 37 6 26 13 25 84 18 28 127 11 18 17 46 13 45 17 87 23 141 74 145 127 1 7 120 31 30 163 11 17 150
1 15 2 176 295
1 15 1 343
1 12 1 585
1 20 35 316 5 62 2 3 3 497 119 8 52 26 144 3 4 129 95 128 14 29 17 315 140 318 3 4 4 20 69 261 12 4 34 17 74 4
1 15 1 494
1 12 1 889
2 17 1 390 1 1 393
5 12 1 679 1 1 229 6 1 850 2 1 329 1 2 599 943
1 20 6 280 3 4 4 957 1518
1 14 1 907
1 12 1 290
1 21 1 1229
2 17 1 364 1 1 367
1 16 1 821
2 19 1 1042 3 11 424 253 125 790 13 116 30 38 18 66 12
2 18 1 677 2 1 580
1 18 1 847
1 19 2 246 1
1 19 1 282
2 19 2 627 382 1 8 393 2 2 3 3 848 3 1189
1 12 1 587
1 16 1 177
1 21 6 361 378 272 47 63 207
2 17 1 172 1 1 175
1 22 5 1087 26 146 586 43
1 21 1 779
1 17 1 957
1 22 3 682 1083 216
2 17 4 142 674 4 61 1 2 145 618
1 20 1 2446
1 19 1 386
1 16 1 138
2 17 5 906 185 30 16 40 1 1 869
1 14 1 1417
1 21 2 266 73
2 17 1 173 1 1 176
1 22 23 278 3 8 7 7 9 3 8 51 507 8 15 42 129 221 50 24 116 14 34 3 37 194
1 22 1 1362
1 21 2 664 90
1 21 8 86 31 21 114 12 38 61 57
1 16 10 130 12 4 4 59 85 43 19 46 1115
2 12 1 840 9 1 333
1 14 1 596
1 14 1 1456
1 14 1 578
1 22 5 210 10 253 355 44
1 22 1 1107
1 13 1 331
1 15 1 475
1 20 1 583
1 17 1 28
2 19 2 294 95 3 3 173 6 917
1 22 1 190
1 16 1 151
2 17 1 1271 1 1 1100
1 15 1 291
3 16 1 303 1 1 174 1 1 177
1 20 3 406 2043 3
1 21 1 430
1 19 4 103 4 10 1099
1 21 4 1156 290 133 6
1 21 1 1557
1 22 1 354
1 16 1 412
1 20 2 2117 14
1 21 2 659 58
1 16 2 1230 1
1 15 1 238
1 21 1 1609
3 13 1 458 8 2 313 1413 1 1 1562
3 12 1 671 2 5 700 137 78 15 44 8 1 1728
1 16 1 196
1 16 1 1235
1 20 1 294
1 22 2 1502 5
6 12 1 86 1 1 68 1 1 97 3 1 118 1 1 120 1 1 93
1 15 2 246 51
1 20 3 299 3 4
2 19 1 1057 1 1 309
1 20 3 2459 106 4
1 20 1 2456
1 20 12 312 5 92 849 1106 9 90 3 4 380 11 4
1 19 1 242
1 22 7 168 164 2 11 3 9 10
1 20 2 323 962
1 18 2 927 93
2 17 1 175 1 1 178
1 20 1 2474
1 19 9 27 52 22 4 10 114 2 2 25
2 12 1 976 8 1 325
3 17 1 301 1 1 304 4 2 169 1572
2 16 3 200 67 29 5 1 1583
1 19 1 318
1 21 2 661 122
1 21 3 1682 5 23
2 18 3 900 60 91 2 21 411 3 4 4 3 4 3 3 17 809 4 737 476 4 5 4 5 5 6 4 4
1 14 1 1160
1 13 1 405
1 20 1 98
2 19 42 30 66 249 4 68 10 33 51 49 16 39 9 13 35 17 21 34 39 44 6 9 14 29 26 14 9 8 14 7 12 37 14 20 12 7 16 8 31 60 1 1 5 1 914 92 3 6 5 2 2 2 3 2 3 4 3 3 3 2 4 3 3 2 3 2 4 4 2 3 3 3 2 2 3 2 5 4 5 4 2 2 4 3 3 2 5 2 3 2 3 3 3 3 2 4 3 3 3 3 3 3 3 2 2 4 2 4 3 4 4 3 4 3 3 4 3 5 5 4 2 2 3 2 2 3 2 3 2 2 3 2 3 3 2 2 2 4 2 3 2 2 3 2 2 3 3 2 2 2 3 3 3 3 2 3 4 4 3 4 3 3 2 2 2 2 3 2 4 2 3 3 4 2 2 2 2 2 2 2 3 3 3 2 2 2 2 2 3 2 2 3 2 3 4 4 4 4 4 3 3 3 2 4 2 2 2 2 4 3 3 2 3 3 3 3 3 3 2 1 2 2 3 3 3 3 3 3 4 4 3 3 3 3 3 3 4 4 4 3 3 3 3 3 4 4 4 4 4 4 4 4 3 4 3 3 3 3 3 4 3 3 3 3 3 3 3 3 3 3 3 3 3 3 3 3 3 3 3 3 3 3 3 3 3 4 3 3 3 3 3 4 4 3 3 3 3 2 4 4 4 4 3 3 3 3 3 4 4 4 3 2 2 3 2 2 2 3 4 3 3 3 3 3 3 3 3 3 3 3 2 3 3 3 3 3 2 2 2 2 3 2 2 2 3 3 2 2 2 2 2 2 2 2 2 2 2 2 2 2 2 3 3 2 3 2 2 2 2 2 2 2 2 2 2 2 2 3 2 2 2 2 2 2 2 2 2 2 2 3 2 2 2 2 2 2 3 2 2 2 2 3 3 3 3 2 2 3 2 2 2 3 3 2 3 3 2 3 5 2 3 3 3 2 3 4 2 2 3 3 5 4 6 3 3 3 3 3 3 4 3 3 4 3 4 3 3 3 3 3 4 4 3 3 4 3 4 3 3 3 3 3 4 4 5 4 4 4 3 3 3 3 3 3 4 4 4 3 3 4 3 3 3 4 4 3 4 3 4 3 3 3 4 4 3 3 3 5 3 3 3 4 3 3 5 4 5 3 3 3 5 4 3 3 3 4 4 3 3 4 4 3 4 3 4 5 3 3 3 3 3 3 3 3 3 3 3 3 3 3 3 3 3 3 4 3 3 3 2 3 4 3 3 3 3 3 3 3 2 3 4 4 2 4 3 2 2 3 3 2 4 2 2 2 3 2 2 4 3 2 3 4 4 2 2 3 4 3 2 3 3 4 4 3 3 3 3 3 3 2 2 3 5 3 2 3 3 4 4 2 4 3 3 2 4 2 2 3 3 5 5 4 5 5 5 5 5 4 5 3 6 5 4 2 3 3 3 4 4 2 2 4 3 4 2 2 3 3 4 5 4 4 6 5 4 3 3 3 3 2 3 2 2 3 3 3 2 4 3 4 3 3 2 3 3 2 2 4 4 5 3 5 4 2 2 4 3 2 3 3 2 4 2 2 3 3 3 2 4 3 4 4 3 3 5 4 3 4 3 3 4 3 3 4 3 5 3 4 4 3 4 4 4 4 4 4 4 3 4 3 2 2 3 3 4 3 3 3 4 3 4 3 5 4 3 4 4 2 4 3 5 4 2 4 2 2 4 4 3 5 2 3 3 3 4 4 4 3 6 2 3 2 3 2 3 3 2 3 2 5 4 6 6 5 2 2 3 3 5 4 5 3 3 3 3 3 3 4 5 3 4 3 3 3 4 3 3 3 4 4 3 3 3 3 4 3 4 3 4 4 4 4 5 4 5 5 6 4 4 3 4 3 3 4 3 4 3 4 4 4 3 4 3 4 5 4 3 3 3 3 3 4 4 3 3 3 4 3 3 4 3 4 3 4 3 3 3 4 5 3 4 5 3 4 3 3 3 3 3 4 5 4 3 4 5 4 4 5 6 5 4 5 3 4 5 3 3 4 4 4 3 3 3 3 4 4 4 4 5 3 3 4 3 4 3 3 3 3 4 3 3 4 3 4 4 5 4 3 3 3 3 3 4 3 3 3 4 3 3 3 3 3 3 4 3 4 4 4 3 3 5 8 3 4 4 5 3 2 1
1 20 1 26
1 20 1 1118
1 15 1 542
1 20 1 1268
2 21 1 683 1 1 2007
1 16 1 909
3 14 1 1335 2 2 154 789 4 4 1121 2 3 3
1 14 1 1162
1 19 1 299
2 21 1 1765 1 2 1253 627
1 22 1 848
2 17 1 176 1 1 179
1 20 1 2518
1 16 1 379
1 14 1 188
1 21 1 1174
1 16 1 938
4 14 1 429 6 1 437 1 2 163 1295 1 3 694 444 509
2 17 1 177 1 1 180
2 21 1 1605 1 41 176 5 11 9 7 6 4 5 4 8 10 4 5 5 3 8 4 9 7 7 9 13 5 13 39 3 8 3 5 3 5 244 239 406 190 6 38 44 13 78 206
1 22 1 138
3 12 1 344 4 1 1434 3 1 1034
1 21 2 179 291
3 17 1 178 1 1 181 2 1 2180
1 21 1 1355
1 16 1 261
1 19 1 156
4 14 1 927 5 2 468 679 2 1 183 1 2 1452 599
1 19 1 1040
1 14 2 1004 466
1 21 1 1764
1 22 1 754
1 15 4 289 5 1 5
1 15 1 482
11 12 2 111 679 1 2 110 32 1 1 92 1 1 102 1 1 94 1 1 113 1 1 115 1 1 88 1 1 60 1 2 77 1347 1 1 145
1 12 1 510
1 19 1 525
1 17 1 793
1 15 1 240
11 12 1 17 1 1 17 1 1 17 1 1 17 1 1 17 1 1 17 1 1 17 1 1 17 1 1 17 1 1 17 1 1 17
1 16 1 1463
1 17 1 1054
1 17 8 697 5 5 5 5 5 5 331
1 13 1 397
1 22 4 304 219 359 455
1 22 1 1373
1 16 1 666
2 17 3 252 97 36 1 3 255 97 36
2 19 12 579 310 27 14 8 10 5 19 18 6 5 73 1 2 1271 1251
1 20 2 2525 3
1 16 1 276
1 20 1 439
1 22 1 1902
1 22 2 1587 444
1 19 1 504
1 21 1 1587
2 16 4 848 58 74 7 3 1 718
1 14 1 682
9 12 2 39 726 1 2 27 52 1 2 27 60 1 3 27 139 379 1 1 27 1 6 817 78 3 254 40 52 2 2 28 52 1 1 27 2 4 80 23 28 12
1 21 2 230 404
1 22 1 1612
2 13 1 453 6 2 213 630
2 13 2 351 44 2 1 445
1 15 1 448
1 15 1 441
1 15 1 439
1 15 2 122 381
1 14 4 699 380 108 187
2 21 5 400 755 35 56 162 1 2 438 56
1 21 6 152 398 34 181 60 396
2 12 3 783 2 70 9 3 1484 2 3
1 14 8 140 84 71 99 162 102 167 218
2 16 1 1373 4 3 1131 3 1064
1 21 2 1499 8
3 12 1 450 7 1 559 2 1 1401
1 21 2 1145 265
1 20 1 1137
1 15 1 528
5 13 1 186 2 1 556 2 1 866 2 1 628 1 3 593 3 1685
2 19 1 555 2 1 1329
1 22 1 1702
1 13 1 123
1 22 1 1032
3 14 1 306 7 2 1581 41 1 2 1471 322
1 14 1 597
1 16 1 1272
2 17 1 794 4 2 1371 40
1 14 2 1188 187
1 17 1 802
2 17 10 179 65 9 49 2 42 24 68 4 4 1 11 182 65 9 49 2 42 24 68 4 4 311
3 13 1 471 6 1 768 2 1 1361
2 16 1 844 6 11 187 11 36 8 384 8 220 38 46 98 596
1 22 6 702 319 120 79 96 584
1 21 1 722
1 22 1 1273
1 21 2 498 23
1 16 1 1236
1 22 1 485
11 12 1 110 1 1 109 1 1 91 1 1 101 1 1 93 1 5 112 668 124 42 32 1 1 114 1 1 87 1 1 59 1 2 76 1139 1 1 144
1 17 1 943
1 12 1 848
1 22 1 117
1 19 1 315
1 19 2 828 58
1 15 1 221
2 16 6 981 7 7 7 7 7 5 1 1608
1 19 2 612 367
4 12 1 435 2 1 1509 5 1 1199 2 2 108 1729
1 14 1 112
2 12 1 393 7 5 708 204 15 8 8
11 12 17 48 6 28 7 97 29 2 2 2 2 158 35 183 30 119 56 124 1 5 47 6 11 32 15 1 3 46 6 41 1 3 48 6 49 1 6 45 6 36 8 17 1401 1 4 48 6 36 24 1 4 50 6 36 24 1 7 49 6 34 46 4 834 19 1 4 45 6 29 3 1 3 48 6 24 1 3 44 6 96
1 16 1 345
1 22 1 1450
3 14 3 197 71 100 7 1 1277 1 7 733 269 159 240 277 191 176
2 17 1 435 1 1 438
8 12 1 378 1 1 62 2 1 88 2 1 94 1 1 96 1 1 546 1 1 88 1 2 1261 148
1 21 2 1495 8
1 20 1 1585
4 12 1 75 1 1 72 7 32 412 3 4 4 3 15 2 3 2 814 12 3 726 476 4 5 4 12 15 13 3 4 3 16 148 4 5 9 5 6 9 12 2 3 74 49 10
1 22 1 76
1 22 1 75
2 13 1 476 3 1 406
1 22 1 1680
1 13 1 166
9 12 1 357 1 1 477 1 2 1515 23 2 1 1470 1 1 1272 1 1 1101 1 1 1208 2 1 1840 1 1 2152
2 15 1 81 7 1 110
1 20 1 1141
1 13 1 399
1 14 1 1343
1 17 1 1048
2 21 2 1129 271 1 1 458
1 20 3 1144 3 3
1 12 1 409
1 19 1 984
1 14 1 756
1 22 2 423 760
2 16 3 542 47 113 5 3 101 1534 192
2 17 1 334 1 1 337
1 14 2 260 325
2 19 1 617 3 1 1350
1 21 1 1481
2 20 11 454 3 3 820 4 4 5 4 4 1245 4 1 2 148 408
1 22 1 1794
1 17 1 850
2 15 1 78 7 1 107
1 20 1 464
1 20 2 2554 3
1 14 1 765
1 19 1 387
4 12 1 502 1 1 455 1 1 1338 2 2 203 105
1 20 8 962 470 4 1125 3 4 91 4
1 16 3 475 266 645
1 12 1 449
3 12 1 345 3 1 337 1 2 1325 26
1 15 1 327
1 20 1 2573
1 15 1 262
1 22 1 1911
1 14 2 1115 36
1 22 1 1710
2 13 1 327 3 1 204
1 12 1 538
1 16 1 853
1 18 1 728
2 17 18 254 358 5 5 5 5 5 5 5 5 5 5 5 5 5 5 5 5 1 1 257
1 22 1 1893
1 14 1 1083
1 22 2 454 17
1 21 2 638 36
1 12 1 147
1 14 7 138 84 71 261 102 167 721
1 22 1 1652
2 21 2 1519 160 1 2 352 8
1 18 2 908 79
2 16 1 126 4 1 468
1 20 5 466 839 3 1269 3
1 22 1 111
2 16 1 224 3 1 281
1 12 1 839
1 20 1 2583
1 21 1 1650
1 22 1 114
5 17 1 773 1 2 1009 23 1 1 1202 1 1 1152 2 1 353
1 22 1 1390
1 18 2 668 132
1 21 4 268 5 15 81
1 18 1 831
1 16 1 924
2 17 1 180 1 1 183
2 17 1 181 1 1 184
2 17 1 182 1 1 185
2 16 1 302 6 1 1358
1 20 1 1155
1 19 1 381
1 22 2 1299 194
1 16 4 1224 10 6 6
1 14 2 1203 187
1 14 1 1308
2 21 1 633 1 1 1213
5 13 1 420 1 1 1367 2 1 341 3 6 510 65 335 170 8 98 1 204 91 3 6 5 18 3 3 3 6 6 26 7 7 4 5 4 8 26 27 6 8 6 7 29 5 838 4 2 3 3 5 4 6 3 3 3 3 3 3 4 3 3 4 3 4 3 3 3 3 3 4 4 3 3 4 3 4 3 3 3 3 3 4 4 5 4 4 4 3 3 3 3 3 3 4 4 4 3 3 4 3 3 3 4 4 3 4 3 4 3 3 3 4 4 3 3 3 5 3 3 3 4 3 3 5 4 5 3 3 3 5 4 3 3 3 4 4 3 3 4 4 3 4 3 4 5 3 3 3 3 3 3 3 3 3 3 3 3 3 3 3 3 3 3 4 3 3 5 3 4 2 3 7 18 4 6 13 23 8 47 21 3 16 18 20 9 29 3 6 5 31 7 14 5 4 4 6 5 4 6 30 3 4 3 48 30 6 3 19 31 3 5 79 3 4 37 10 8 12 32 5 25 21 601
11 12 2 8 84 1 3 8 92 55 1 2 8 52 1 2 8 54 1 2 8 51 1 2 8 54 1 3 8 56 668 1 2 8 55 1 2 8 53 1 2 8 54 1 3 8 50 373
2 17 1 183 1 1 186
1 14 3 1052 52 32
1 12 1 548
2 14 1 733 8 3 441 120 154
2 17 1 292 1 1 295
1 14 1 1226
5 12 1 806 2 4 426 430 11 6 2 12 137 23 13 10 7 3 84 85 802 8 8 80 4 3 1977 337 3 2 1 1277
1 13 1 462
1 21 1 477
3 17 2 137 1066 1 1 140 4 1 1714
2 12 1 572 2 1 722
4 14 1 1426 1 1 226 5 1 1590 2 1 1015
2 17 5 193 6 7 5 6 1 5 196 6 7 5 6
4 12 2 457 10 4 1 333 3 1 355 3 7 429 4 104 16 51 104 211
1 14 1 606
1 14 1 1105
1 22 1 782
1 19 1 987
2 21 1 1711 1 1 1163
3 14 2 1197 187 6 1 1593 1 1 1362
1 14 1 444
1 22 1 753
2 21 1 1017 1 6 581 732 392 112 13 289
1 19 1 314
1 18 1 1002
1 21 2 129 1437
1 22 1 2052
2 20 3 470 472 169 2 1 1011
1 20 4 472 438 35 168
1 15 1 385
1 22 1 1364
1 19 1 166
1 22 2 1496 257
1 21 10 83 31 19 39 104 31 79 641 232 48
1 21 1 1630
1 14 2 1213 187
1 22 2 673 712
1 22 5 486 582 230 305 154
2 21 1 1310 1 2 229 2
3 16 3 1025 8 8 1 1 1269 1 1 1098
2 17 1 184 1 1 187
1 19 1 366
2 14 1 1116 7 2 1286 343
1 20 6 474 2 835 3 1272 3
1 14 1 518
5 12 1 485 2 1 741 2 1 728 5 3 27 479 875 1 2 1556 255
1 21 1 1352
1 15 1 227
2 15 1 82 7 1 113
2 19 1 815 2 2 393 599
2 13 1 234 1 2 196 529
1 20 1 599
1 19 3 218 547 10
1 18 1 976
3 14 2 1255 26 1 1 204 7 2 381 938
1 20 1 798
2 15 1 457 3 4 627 314 13 24
2 19 2 431 743 1 2 96 1221
1 19 2 749 55
1 19 1 725
2 12 1 723 10 1 1307
1 22 1 2066
11 12 1 30 1 1 34 1 1 33 1 1 35 1 1 32 1 1 35 1 1 37 1 1 36 1 1 32 1 1 35 1 1 31
2 16 1 1482 4 1 1597
2 18 1 769 4 1 1894
1 20 9 478 124 6 3 4 4 980 738 7
1 20 1 605
3 14 2 249 426 6 2 622 1513 2 1 717
3 13 2 131 49 1 1 570 8 1 1504
2 12 1 1003 4 1 1320
1 22 1 977
1 19 1 1201
1 20 1 1603
1 22 1 594
2 14 1 358 2 1 1344
1 14 1 602
1 14 1 322
1 19 2 191 24
1 19 1 312
1 19 1 251
1 22 1 573
2 14 1 802 1 3 189 123 106
1 22 1 540
2 20 1 625 1 1 1380
1 19 2 490 210
1 16 1 465
1 12 2 799 124
1 16 1 1088
1 22 3 466 77 29
1 17 1 1227
1 21 1 1830
2 13 1 379 8 1 1698
3 12 1 888 5 1 186 1 3 189 734 51
1 21 1 796
1 14 2 471 37
1 21 1 713
2 13 1 77 9 3 78 51 12
3 16 1 1455 5 1 1198 1 1 794
1 22 1 700
2 13 1 277 5 1 893
1 20 2 1605 654
2 14 4 142 84 71 1184 2 1 1312
1 22 1 774
2 19 1 598 2 1 758
1 12 1 880
1 13 4 270 19 49 24
1 22 2 670 843
1 16 1 207
1 22 1 1686
1 21 1 1733
1 19 1 206
1 16 2 780 157
1 21 1 849
1 20 1 1320
5 13 1 298 1 4 282 31 64 939 3 2 226 82 1 2 229 82 3 1 1464
1 21 1 1268
2 15 1 80 7 1 109
1 19 1 201
1 17 1 829
1 16 1 446
1 18 2 957 43
1 19 1 158
3 17 8 410 2 4 3 3 3 3 3 1 8 413 2 4 3 3 3 3 3 3 1 314
1 14 3 119 1369 5
1 22 1 407
1 12 1 494
1 17 1 838
5 12 2 144 102 5 1 149 1 1 152 3 3 198 22 1155 1 2 1144 286
1 21 1 209
2 14 1 672 8 1 1276
1 22 1 785
1 16 1 1205
2 14 1 595 6 1 1608
1 22 1 2001
2 16 2 166 1097 4 7 481 3 839 4 4 1261 4
1 22 1 342
2 19 3 459 327 393 1 2 192 1419
1 17 1 776
1 21 1 1631
2 18 1 702 3 1 1623
1 12 1 493
2 17 16 256 281 5 5 5 5 5 5 5 5 5 5 5 5 5 5 1 128 31 95 133 274 4 5 5 5 5 5 5 5 5 5 5 5 5 5 5 6 5 3 3 2 3 4 2 3 3 4 1 3 3 3 3 4 2 3 3 3 3 4 2 3 3 4 3 2 3 4 3 4 3 4 3 3 3 3 4 4 5 3 3 3 3 4 3 3 3 4 3 3 4 3 4 4 2 4 4 4 3 2 2 5 3 5 2 5 3 4 3 8 2 3 6 2 3 2 4 2 5 3 4 4 2 12 6 6 6 4 14 6 2 8 6 8 16 4 4 8 6 14 10 14 4 10 9 17
4 16 1 1426 1 2 366 464 1 1 369 4 1 2044
1 19 1 228
1 19 1 497
1 22 1 1738
3 19 4 382 202 526 22 1 1 1614 2 1 962
1 21 1 1595
1 20 9 482 5 841 4 3 3 1255 4 305
1 17 1 819
1 22 1 788
1 17 7 912 55 23 141 4 32 18
1 20 2 1992 5
1 12 3 1011 1 1
1 21 6 212 346 447 17 28 158
1 21 1 1280
1 20 1 1618
2 12 1 666 9 1 485
1 12 1 607
1 13 2 139 8
1 21 1 474
1 22 1 532
1 16 1 1479
1 16 1 732
1 22 1 1743
1 14 6 102 4 1361 8 35 3
1 14 2 26 60
1 12 1 625
1 19 1 901
2 17 1 136 1 1 139
5 16 1 92 1 1 111 1 1 113 1 1 86 2 1 75
2 19 1 221 2 1 1673
1 21 2 1015 349
1 19 6 26 52 22 4 10 143
1 19 1 1214
1 19 1 81
2 21 1 238 1 3 456 1096 119
3 12 1 159 5 1 854 1 2 956 82
2 12 1 981 1 1 460
1 13 1 259
1 12 1 655
1 14 1 625
1 14 1 598
2 13 1 126 3 1 1291
1 21 1 272
3 12 1 489 1 1 480 1 1 1523
1 22 1 1092
1 22 1 1974
1 12 2 761 27
1 18 1 866
1 22 1 1774
2 13 1 384 1 2 1189 187
1 22 1 1942
2 21 3 883 342 7 1 1 752
1 22 1 248
1 17 1 1214
1 12 1 394
1 21 2 336 266
3 14 1 496 3 5 202 56 3 3 268 1 4 205 56 3 3
1 17 1 951
2 17 2 908 145 1 1 933
1 17 1 1030
1 20 2 1289 52
1 20 2 628 41
1 22 1 472
3 16 1 80 1 1 83 1 1 85
4 12 1 291 4 4 179 202 432 615 3 1 722 3 2 408 1631
2 17 1 187 1 1 190
2 17 1 361 1 1 364
1 21 1 868
3 17 1 842 2 1 409 3 3 1069 900 135
2 21 2 107 319 1 1 776
1 15 1 530
3 17 1 387 1 1 390 4 1 1950
1 14 1 855
1 22 1 1568
1 13 1 357
1 14 2 446 77
1 18 3 756 86 35
1 22 2 1553 259
1 12 1 202
1 19 1 1168
1 21 1 562
1 19 1 150
1 18 1 980
1 19 1 971
2 19 1 319 3 1 547
3 17 2 266 617 1 1 269 4 5 425 82 95 16 203
1 22 1 457
1 19 2 923 156
1 22 1 1303
2 21 1 932 1 1 1490
5 13 1 80 2 1 92 2 1 100 1 1 102 4 1 81
1 15 1 387
1 12 1 718
3 17 4 268 3 5 3 1 4 271 3 5 3 4 1 2151
1 21 1 807
2 17 1 282 1 1 285
1 22 1 1516
2 17 1 355 1 1 358
1 12 1 384
1 20 1 1621
1 21 1 641
2 16 1 858 6 1 1453
4 12 2 141 109 5 4 283 130 465 248 1 2 286 130 3 2 195 4
1 17 1 84
1 18 1 86
2 17 5 285 3 2 4 2 1 9 288 3 2 4 2 541 51 139 17
2 17 2 299 124 1 3 302 124 592
2 17 2 426 827 1 1 429
2 17 1 429 1 1 432
2 17 1 352 1 1 355
1 21 1 1695
1 19 1 159
4 14 1 1118 5 2 350 395 1 2 1345 137 2 1 827
1 19 1 755
1 20 5 298 191 1672 113 687
1 22 1 1020
1 12 1 549
3 16 2 491 29 4 1 1624 1 2 1750 27
2 17 1 303 1 1 306
1 16 1 215
1 19 1 884
1 22 3 786 497 412
1 17 1 821
1 14 3 108 1084 187
1 17 1 1162
1 17 2 1104 56
1 21 1 291
1 22 2 1406 295
1 20 1 2005
2 19 2 950 52 1 2 1348 532
1 22 1 221
3 12 1 581 4 1 191 5 1 1757
1 19 1 300
1 12 1 569
1 20 2 491 605
1 22 5 1088 26 146 586 43
3 12 1 349 2 2 844 127 8 1 1823
11 12 1 95 1 2 83 20 1 1 63 1 2 65 30 1 1 62 1 2 65 38 1 2 67 38 1 1 66 1 1 64 1 1 65 1 2 61 23
3 12 1 463 4 1 313 6 1 1287
1 21 1 1574
1 22 3 583 341 917
1 14 2 113 1394
1 12 1 594
1 21 1 855
1 16 1 487
1 19 2 831 241
2 17 1 188 1 1 191
1 21 1 786
1 19 1 861
3 14 2 1455 7 6 1 493 2 1 361
1 17 1 1002
1 13 2 251 113
2 17 1 189 1 1 192
1 19 1 296
1 14 2 364 18
2 12 1 1002 7 2 352 395
2 17 13 305 74 483 138 35 20 19 42 53 18 39 29 13 1 6 308 74 238 90 219 20
1 22 1 1243
4 13 1 284 1 1 1114 7 2 736 324 1 2 1155 522
2 14 1 1152 7 1 645
1 12 1 541
2 16 1 1477 6 1 2035
2 20 1 2600 2 1 1090
2 13 2 188 263 1 4 755 699 7 59
1 15 1 438
2 21 1 1589 1 3 996 133 513
2 20 4 1627 2 3 2 2 1 796
2 19 1 908 3 1 2003
2 21 1 532 1 3 909 115 98
5 14 2 693 242 3 2 225 82 1 2 228 82 3 7 385 27 618 276 250 84 51 1 10 415 197 203 28 6 9 9 173 79 691
1 21 1 1675
1 22 31 154 5 253 7 9 41 11 30 41 65 5 19 84 95 5 23 6 9 9 3 41 27 37 83 140 396 53 47 21 59 26
2 17 1 190 1 1 193
2 16 1 1449 5 1 898
5 14 1 914 3 3 315 3 4 1 3 318 3 4 3 1 1762 1 1 1883
1 17 1 1094
1 16 40 103 353 21 19 38 10 12 9 2 3 2 5 4 10 12 9 31 3 3 4 4 5 42 12 9 6 17 3 2 5 3 51 5 8 4 4 4 4 4 341
1 17 1 1075
1 19 5 508 65 14 68 533
1 19 2 721 185
1 22 1 557
1 19 2 515 54
1 21 3 741 111 472
1 20 1 495
1 21 1 1607
1 21 1 1562
1 20 1 1637
2 16 1 804 4 3 153 344 3
1 21 1 828
1 16 1 206
1 19 1 128
1 19 1 182
1 21 1 985
3 17 6 327 1 2 3 3 3 1 6 330 1 2 3 3 3 4 1 1770
1 17 1 936
1 16 2 220 5
1 16 2 216 15
2 14 1 1463 1 1 235
1 20 2 502 2101
1 20 23 241 263 3 2 3 4 4 4 4 4 3 21 795 3 403 229 8 13 112 4 82 401 3
3 16 3 230 40 689 3 6 370 55 48 128 60 212 1 2 631 3
1 19 1 172
3 14 1 346 7 8 182 241 26 182 57 423 231 44 1 4 455 226 244 790
2 17 239 123 68 4 6 7 5 5 10 3 5 74 32 1 24 11 151 2 5 5 5 5 5 5 5 5 5 5 5 5 5 5 5 5 5 5 5 5 5 5 5 5 5 5 5 5 5 5 5 5 5 5 5 5 5 5 5 31 18 3 8 5 36 7 13 9 1 2 2 2 2 2 2 2 2 2 2 3 2 3 1 2 3 1 2 3 3 1 2 2 2 2 4 1 2 3 1 2 2 2 2 1 2 2 2 2 3 2 2 4 2 2 3 1 3 1 2 2 4 2 2 2 2 4 1 2 3 1 4 2 2 2 2 2 2 3 2 2 2 2 3 2 2 2 3 1 2 2 3 2 4 1 3 2 1 3 2 5 2 2 2 2 1 2 3 2 4 3 2 1 3 2 2 3 2 2 6 3 4 2 2 1 4 1 4 1 2 5 4 3 1 2 2 3 4 2 3 3 2 3 4 3 1 3 1 3 3 4 3 1 3 2 3 4 2 2 3 2 4 1 2 3 2 2 3 2 3 2 2 2 3 4 2 1 3 2 3 3 3 4 1 193 30 95 69 4 6 7 5 5 10 3 5 74 32 1 24 11 151 4 5 5 5 5 5 5 5 5 5 5 5 5 5 5 6 5 2 3 3 3 4 2 3 3 4 3 1 3 3 3 3 3 3 3 3 3 4 2 3 3 4 3 2 3 4 3 3 6 2 3 3 3 3 4 4 5 3 3 3 6 1 3 3 3 4 3 3 4 3 4 4 2 4 4 3 4 2 5 2 3 5 2 5 3 3 6 6 2 3 6 2 3 5 1 6 1 3 4 3 6 1 2 2 2 4 2 4 2 4 2 5 4 1 3 1 2 2 4 2 6 2 2 4 2 4 2 2 4 2 2 2 2 2 2 4 4 4 2 2 4 2 4 2 2 2 2 2 4 2 2 2 4 2 2 2 2 2 4 4 2 2 2 4 2 3 4 3 3 3 2 3 4 2 2 2
1 21 2 1547 102
1 13 1 143
1 13 2 125 116
2 17 1 1101 5 46 153 5 253 7 9 41 11 30 41 19 10 8 22 6 5 19 45 39 95 5 23 6 9 9 3 41 27 37 83 43 20 77 7 55 334 53 47 21 59 26 16 140 14 46 38 55
1 22 1 1917
1 22 1 1188
2 17 1 347 1 1 350
4 14 2 124 1375 1 1 141 2 1 1217 1 1 750
1 17 1 1109
2 16 1 1279 3 2 590 67
1 20 204 99 10 5 7 15 12 15 18 22 12 21 6 3 3 53 3 4 3 16 178 5 3 4 4 4 4 4 8 4 4 4 4 3 3 2 2 3 3 3 3 3 3 3 4 3 3 3 3 3 3 4 4 3 3 3 3 3 3 4 4 4 3 3 3 3 3 4 4 4 4 4 4 4 4 3 4 3 3 3 3 3 4 3 3 3 3 3 3 3 3 3 3 3 3 3 3 3 3 3 3 3 3 3 3 3 3 3 4 3 3 3 3 3 4 4 3 3 3 3 2 4 4 4 4 3 3 3 3 3 4 4 4 240 13 3 7 459 5 13 20 30 17 57 3 11 3 3 53 5 32 3 3 89 3 5 30 3 5 4 9 16 16 3 8 21 12 4 3 3 4 3 3 16 4 3 3 4 4 4 4 4 4 11 7 3 3 4 3 3 3 15 4 35 16 3 13 3 8 20 18 15 6 266 351
3 14 1 591 7 1 700 1 2 1197 476
1 14 1 784
2 17 2 348 3 1 2 351 3
2 17 1 138 1 1 141
2 17 2 221 180 1 2 224 180
1 19 1 1023
1 13 1 92
4 13 1 446 2 1 133 1 4 135 101 5 172 4 5 1643 586 3 4 4
1 22 1 1440
1 22 1 1913
2 17 1 356 1 1 359
2 17 1 358 1 1 361
1 20 2 1645 2
1 22 1 1690
1 16 1 72
1 14 1 885
1 14 1 1073
1 12 1 308
2 12 1 833 8 7 883 479 3 1055 150 46 3
1 13 1 434
2 19 1 666 1 2 157 492
1 20 6 885 2 482 3 1251 3
1 18 3 642 59 394
1 22 2 1045 559
1 16 4 359 6 9 1145
1 19 1 466
1 21 1 1646
2 17 5 311 48 1 542 170 1 3 314 48 1
1 17 2 998 107
1 17 1 795
2 17 1 286 1 1 289
2 17 1 289 1 1 292
2 12 1 254 9 1 211
1 19 5 33 66 249 787 50
2 17 1 996 3 1 1650
1 19 2 127 54
1 21 2 1493 343
1 15 1 333
3 14 2 1250 26 6 6 116 774 486 534 11 43 2 1 401
1 20 4 892 487 1251 3
1 17 1 1234
2 21 1 162 1 1 470
1 18 2 753 329
1 21 1 1378
1 21 1 144
1 12 14 135 50 31 382 149 56 61 63 13 1 1 5 1 1
1 12 1 314
2 17 1 449 1 1 452
1 22 3 446 5 37
1 21 1 1829
1 22 1 256
2 21 1 1470 1 5 225 485 32 607 71
1 19 1 632
1 15 1 506
1 15 1 497
1 21 2 365 30
1 20 2 1652 2
1 19 1 325
1 21 4 90 31 21 296
5 12 1 702 1 1 425 1 1 1093 3 1 849 4 1 534
2 17 1 860 1 1 946
1 20 2 1657 3
1 20 4 1663 2 3 5
2 13 1 242 1 8 125 31 48 444 30 128 378 102
1 21 1 1473
1 21 1 1301
1 22 2 876 184
1 16 4 451 101 47 113
2 16 1 242 4 78 154 4 8 85 3 16 67 5 7 5 3 9 35 3 58 23 13 396 2 3 4 3 3 3 3 3 3 3 3 3 3 3 2 3 3 3 3 21 111 17 26 3 18 3 5 228 3 4 4 238 18 27 2 2 15 3 4 4 22 41 8 3 71 21 15 3 56 69 12 5 202 19 384 311 20 4 5 3
1 12 1 637
1 20 1 1683
1 20 2 1396 967
1 14 1 1086
2 12 1 732 9 1 1729
1 20 1 953
1 16 1 1363
1 17 1 1229
1 20 1 652
1 20 1 2640
1 17 2 1213 11
1 21 1 1271
1 18 2 963 79
2 17 1 450 1 2 453 559
11 12 1 100 1 2 88 20 1 1 68 1 2 70 30 1 2 67 12 1 3 70 12 26 1 3 72 12 26 1 1 71 1 1 69 1 1 70 1 2 66 23
2 14 3 329 20 759 2 2 1226 1
1 19 1 859
2 14 1 751 8 1 2014
1 12 3 859 14 8
1 12 1 934
1 16 1 247
1 22 2 635 402
3 12 4 204 322 188 35 7 2 410 604 1 4 1399 3 432 1119
1 14 1 1323
1 12 1 831
1 20 10 1688 2 3 3 4 4 3 3 2 3
2 21 1 605 1 1 362
1 22 1 1419
1 16 1 178
1 14 1 734
1 13 1 406
1 16 1 175
1 22 3 672 120 242
1 17 1 923
1 15 1 214
1 19 1 733
1 19 2 593 74
1 16 3 114 294 863
5 12 1 304 2 1 474 1 2 212 1 4 1 207 3 1 2085
1 22 1 928
2 14 3 1139 214 57 7 1 1455
1 16 1 252
1 20 5 2295 348 3 4 5
1 22 1 1879
1 21 5 600 757 28 17 5
2 13 1 265 6 1 548
1 12 1 710
1 21 3 214 780 31
1 12 1 705
1 21 1 1303
1 12 1 932
2 17 7 350 12 6 21 6 539 32 1 5 353 12 6 21 6
1 17 1 765
2 17 1 238 1 1 241
2 17 1 224 1 1 227
2 18 1 895 4 2 686 581
1 12 2 309 305
2 15 1 167 6 1 832
1 15 1 402
1 12 1 856
1 21 1 126
1 14 2 1230 81
3 12 1 258 9 2 366 30 1 2 1170 256
1 16 2 1049 4
1 20 2 1215 192
1 17 2 785 2
1 21 1 1560
1 14 1 1427
1 16 1 174
1 20 4 913 42 2 158
1 20 2 655 18
1 22 1 534
2 20 2 1718 3 2 4 758 2 908 2
1 20 3 1724 2 3
1 19 1 309
1 14 1 1069
1 22 2 422 758
1 16 1 180
1 16 2 249 4
2 14 1 435 5 1 414
1 22 2 916 381
2 17 1 291 1 1 294
2 19 2 1108 22 2 1 1087
1 14 1 1332
2 12 1 847 2 1 1422
1 17 1 954
1 21 2 880 392
1 20 1 1410
2 17 1 451 1 1 454
4 12 1 563 1 1 402 1 1 903 7 2 418 1053
1 19 4 123 121 27 18
3 12 1 488 7 12 171 14 120 30 89 11 58 285 255 29 63 71 1 5 1177 182 54 3 315
2 19 2 430 656 1 3 1420 319 101
1 20 1 1736
1 19 1 197
2 13 1 411 1 2 367 9
4 16 2 790 4 3 3 434 583 98 1 2 959 464 2 1 1393
1 19 1 286
1 20 1 658
2 21 1 554 1 1 991
1 22 1 730
1 19 1 392
1 12 1 970
2 17 1 363 1 1 366
1 21 1 831
2 14 1 1528 7 1 1652
1 21 6 680 21 26 192 33 10
1 13 1 295
1 21 1 1227
5 13 1 465 1 1 480 5 2 329 193 2 1 1707 1 1 1010
1 17 1 918
1 14 1 1526
1 22 2 350 18
2 12 1 869 2 1 732
1 14 1 777
4 14 1 1063 5 1 931 1 2 1181 245 1 4 1048 34 416 8
1 22 1 1427
1 20 18 305 209 124 23 3 4 4 4 4 4 4 4 129 18 15 20 867 4
1 22 2 837 672
3 16 8 127 49 105 55 19 8 17 21 4 2 1748 3 2 21 244 28 7 8 5 16 21 10 12 21 20 5 225 203 670 63 50 10 234 72 32
1 22 3 771 721 250
1 20 1 2163
1 22 4 453 11 77 51
2 17 2 453 335 1 1 456
1 16 6 153 18 23 760 562 6
1 22 1 171
1 15 5 124 3 7 293 74
8 14 2 114 152 2 2 258 1254 1 1 528 1 1 531 1 1 1189 1 3 1755 4 3 1 3 92 18 1708 1 1 1546
1 20 3 1765 2 3
2 16 2 111 1246 6 2 623 218
1 21 1 375
1 19 1 140
1 12 1 890
1 12 1 692
1 12 1 662
2 17 1 454 1 1 457
1 14 1 307
4 12 2 547 104 2 2 1194 187 7 1 1578 1 2 1756 183
1 16 6 1094 5 5 5 5 5
1 21 2 201 797
1 18 1 1016
1 14 4 454 6 25 7
2 13 1 382 4 1 818
1 14 1 589
1 21 1 338
1 20 7 1588 185 2 3 3 1159 3
1 21 1 1563
1 21 2 749 713
1 21 3 715 465 255
1 20 2 696 161
1 21 1 863
2 14 1 966 5 1 1067
2 17 1 455 1 1 458
1 15 1 32
11 12 2 44 41 1 1 67 1 1 96 1 1 106 1 2 29 69 1 2 32 85 1 2 34 85 1 1 92 1 1 86 1 1 81 1 4 28 99 12 10
11 12 4 36 15 6 705 1 3 24 26 6 1 4 24 25 6 29 1 3 24 27 6 1 3 24 24 6 1 3 24 27 6 1 3 24 29 6 1 4 24 28 6 18 1 3 24 24 6 1 3 24 27 6 1 5 24 23 6 47 35
1 13 1 90
1 16 1 1237
2 20 1 703 1 1 875
1 13 1 240
2 17 1 457 1 1 460
2 17 3 316 3 4 1 3 319 3 4
1 14 2 1249 26
1 21 1 154
1 22 2 907 115
1 13 1 258
2 17 4 203 56 3 50 1 5 206 56 3 50 359
1 22 1 33
1 19 1 1157
1 18 1 944
2 17 1 458 1 1 461
1 14 1 35
1 20 10 961 3 467 4 5 383 835 4 5 3
11 12 2 16 31 1 2 16 30 1 2 16 29 1 2 16 31 1 2 16 28 1 2 16 31 1 2 16 33 1 2 16 32 1 2 16 28 1 2 16 31 1 2 16 27
2 15 1 79 7 1 108
3 14 2 311 600 2 1 350 4 4 612 94 210 3
1 14 1 1148
2 20 1 72 2 1 1623
1 17 2 1134 32
1 17 1 1022
1 22 1 751
1 19 1 310
1 22 1 1681
5 12 3 348 12 65 2 1 1537 2 6 450 14 746 101 37 125 1 1 135 1 1 138
1 21 3 1628 19 23
1 22 1 1523
1 21 1 813
1 15 1 217
2 21 1 617 1 3 801 250 85
2 14 1 1183 2 2 625 109
1 22 1 988
1 19 5 437 25 51 54 336
1 12 1 396
1 19 1 736
1 12 1 974
2 14 1 1103 7 1 622
1 21 2 387 576
3 14 1 945 5 2 544 589 3 6 726 80 20 587 269 126
2 19 1 782 2 1 1002
1 19 2 517 595
1 22 1 119
2 17 1 31 1 1 33
1 21 8 1482 19 8 7 7 11 18 242
2 21 2 298 677 1 5 333 2 11 3 22
1 21 4 184 294 218 237
1 19 3 371 103 5
1 19 1 982
1 22 2 189 382
1 19 1 277
1 12 1 596
3 14 1 1540 3 1 459 1 1 462
1 16 1 727
1 22 1 1445
1 15 1 538
4 12 1 388 8 2 1486 7 1 2 1383 5 1 3 1579 219 186
1 19 1 336
2 19 2 898 189 1 4 709 734 384 847
2 21 2 1037 491 1 2 705 268
1 17 1 1155
1 15 1 233
2 21 1 893 1 1 1327
3 14 1 467 7 1 1817 1 1 762
1 12 1 129
1 21 1 1641
2 14 1 994 8 1 1461
2 20 4 518 194 3 1424 1 1 516
1 19 1 236
1 19 1 751
1 21 1 1413
1 21 1 928
2 17 1 369 1 1 372
2 14 1 993 8 3 2020 80 7
1 21 2 242 246
2 18 4 650 85 12 111 4 1 481
3 14 2 1453 7 1 1 237 6 1 1644
2 16 1 1410 6 1 2150
1 16 3 562 47 113
1 15 1 346
1 15 1 476
1 22 1 162
1 22 1 1923
1 22 1 2043
1 14 1 267
1 19 1 393
1 12 1 613
1 21 1 766
1 19 1 161
1 19 1 153
1 17 1 1236
11 12 1 22 1 1 38 1 1 37 1 1 39 1 1 36 1 1 39 1 1 41 1 1 40 1 1 36 1 1 39 1 2 35 58
1 21 2 1036 279
1 16 3 1159 8 8
1 21 1 1477
1 16 1 483
1 21 1 986
2 16 1 764 4 1 616
1 14 2 1190 187
1 22 1 116
1 17 1 1183
2 12 1 266 9 1 228
1 14 1 1457
1 15 1 462
1 19 1 507
2 17 1 460 1 1 463
1 21 1 1054
1 22 4 462 38 748 655
3 16 1 74 1 2 77 237 1 2 79 238
3 12 1 465 4 1 311 6 2 739 183
1 14 1 768
1 14 3 530 431 61
2 17 2 461 779 1 1 464
1 21 1 1740
1 20 1 966
1 18 1 947
1 16 3 484 639 4
2 13 1 469 9 1 797
2 14 1 1245 6 1 2297
1 14 4 251 24 296 66
2 12 1 608 3 2 206 203
2 13 1 226 1 2 174 530
2 13 1 400 1 2 1055 104
1 22 2 1105 326
2 13 1 136 9 1 1076
1 21 1 222
1 16 5 248 15 23 113 1121
1 14 1 776
1 22 1 1429
1 14 1 780
1 19 1 500
1 15 1 257
2 12 1 849 10 1 1251
1 21 6 843 254 103 54 50 39
2 18 1 838 1 1 668
3 12 1 473 2 2 388 629 2 1 323
3 12 1 475 2 3 549 102 167 2 1 321
1 12 1 282
1 13 1 266
1 15 1 153
2 12 1 270 5 1 1009
2 17 4 371 539 223 99 1 1 374
1 17 1 1078
1 17 2 917 175
1 17 1 975
1 17 1 1173
1 17 1 953
1 20 1 1841
2 12 1 76 10 1 1142
2 17 1 372 1 1 375
3 14 1 746 7 1 1422 1 1 1190
1 14 1 1362
2 15 1 220 5 1 1845
2 17 1 855 1 1 616
2 17 1 462 1 1 465
2 13 2 344 2 1 4 1034 16 103 12
2 12 1 553 4 1 266
1 14 10 216 27 12 25 263 18 18 37 26 659
1 19 1 155
1 13 1 438
2 12 1 999 2 1 1244
1 13 1 165
2 16 2 1254 160 3 2 810 239
1 20 1 1446
1 18 1 1093
2 17 1 463 1 1 466
1 16 1 872
2 13 1 421 1 1 1368
1 21 1 748
3 13 2 355 3 1 1 1438 5 2 808 242
3 14 1 762 5 1 878 2 1 249
1 17 1 1096
2 17 1 464 1 1 467
1 20 1 1849
1 14 1 450
2 17 1 380 1 1 383
1 14 1 1333
1 21 1 1320
1 16 1 181
3 12 1 274 3 1 461 7 1 1249
1 21 1 37
1 20 4 968 2 3 7
1 16 1 182
1 20 2 976 2
1 21 4 158 552 574 149
1 21 1 403
1 22 1 1167
2 17 1 465 1 1 468
2 17 1 466 1 1 469
1 22 1 997
2 17 1 467 1 1 470
1 21 1 1577
1 14 1 1411
4 19 2 830 53 1 2 1852 3 1 1 1128 1 1 526
1 16 1 1450
2 20 1 1858 2 2 1611 44
2 13 1 216 7 1 718
7 12 1 915 2 1 1448 2 1 70 1 1 73 1 1 75 3 1 1808 1 5 517 433 446 234 122
1 22 2 644 981
2 13 6 293 13 18 17 13 13 1 1 758
1 20 1 2677
1 22 1 1379
2 21 4 1529 12 202 44 1 1 926
1 12 1 333
1 17 1 1200
4 13 1 206 2 1 258 3 2 713 130 4 1 504
1 12 1 556
2 16 1 271 6 2 524 1339
1 18 1 875
2 19 2 439 475 2 2 187 469
1 13 1 215
1 22 4 539 119 487 276
1 21 1 1600
2 16 1 623 5 1 373
1 16 6 1093 5 5 5 5 5
1 16 1 217
1 16 1 1341
1 22 1 161
1 20 1 1861
11 12 2 55 35 1 2 54 58 1 1 53 1 1 55 1 2 52 36 1 2 55 36 1 2 57 36 1 1 56 1 2 52 29 1 1 55 1 1 51
1 12 1 218
1 14 1 1060
1 22 2 383 935
1 12 1 902
2 17 1 468 1 1 471
1 15 1 452
1 14 7 137 84 71 261 102 167 721
1 16 1 280
1 22 1 483
1 12 2 446 9
1 13 1 335
4 12 1 985 2 3 487 863 85 5 1 146 3 1 206
1 19 1 273
2 17 1 298 1 1 301
1 12 20 118 54 2 2 2 2 2 333 221 15 30 16 13 11 15 9 33 20 9 11
7 12 2 153 365 2 2 1067 270 2 3 547 47 113 3 3 529 82 179 1 1 1864 1 5 860 215 75 47 72 1 1 1165
1 16 1 1241
1 20 1 1846
1 16 1 278
3 13 1 481 4 5 204 70 43 3 4 1 5 207 70 43 3 4
3 15 2 224 200 2 2 469 407 1 3 472 236 71
1 20 4 1868 2 3 3
2 21 1 1365 1 2 482 1353
4 12 2 387 385 1 1 440 3 5 282 181 845 28 138 3 1 1158
1 20 1 2680
1 20 1 2683
1 20 1 2686
3 12 2 495 274 4 3 109 196 461 3 2 1195 9
1 15 1 490
1 19 1 173
1 18 1 1044
1 21 3 103 1636 92
2 12 1 603 7 2 945 14
5 16 1 297 1 2 215 18 1 2 218 18 1 1 204 3 1 1359
1 13 1 437
1 19 3 125 55 73
1 14 1 1053
1 16 1 442
1 22 1 1834
1 22 1 2111
2 21 1 1440 1 1 420
1 14 1 462
1 21 1 889
1 13 3 137 1 3
1 17 1 1264
1 12 1 992
2 15 3 250 46 126 5 3 677 45 138
3 14 1 433 2 2 914 4 5 1 1207
3 14 4 432 177 280 122 2 5 546 47 113 38 688 5 1 1349
1 16 1 1219
1 13 1 297
1 19 1 208
2 17 1 381 1 1 384
2 12 1 522 7 2 713 415
2 17 1 470 1 1 473
1 14 1 615
4 12 4 817 59 75 3 2 4 483 236 273 86 2 1 1495 1 1 774
1 13 1 457
3 12 1 735 7 2 385 582 1 1 1879
2 20 1 1449 2 2 1086 172
1 16 1 279
1 21 1 127
1 20 4 1883 2 3 3
1 22 1 102
1 20 2 982 60
1 20 10 2497 5 200 3 4 5 4 4 5 6
1 20 2 2738 4
1 20 3 2747 3 4
1 16 1 1242
2 14 2 1229 81 6 1 725
1 21 1 1793
5 12 1 336 2 1 720 2 1 691 3 1 1035 1 3 1719 3 66
1 12 1 872
1 14 2 441 34
1 12 1 145
5 12 1 507 2 1 929 2 4 110 194 469 521 3 1 130 3 1 981
1 22 3 445 5 37
1 22 2 1409 222
6 12 3 403 236 236 4 2 493 274 1 1 841 2 1 448 1 8 984 811 4 5 118 3 3 3 2 2 1247 793
1 21 1 794
2 12 7 116 397 21 245 16 24 77 10 1 747
3 14 1 494 7 1 231 1 1 2075
1 20 2 681 47
1 21 1 866
1 12 1 289
2 16 1 1288 6 2 1780 206
1 16 2 234 54
1 13 1 429
1 20 2 731 1412
1 20 1 734
2 13 1 475 9 2 840 845
2 12 1 738 7 3 626 109 271
3 12 1 461 4 1 315 5 1 1771
1 17 1 1085
1 21 1 1399
3 14 3 665 144 358 7 1 428 1 1 1600
1 22 1 838
1 19 1 1041
1 14 2 259 325
1 12 1 545
1 14 1 1074
3 17 1 162 1 1 165 3 1 890
1 20 2 986 1773
2 14 1 698 8 1 1955
2 17 1 471 1 1 474
2 14 1 1144 2 1 1252
1 19 1 940
1 17 1 988
1 16 1 736
1 22 1 1849
1 21 1 743
1 19 1 823
1 14 1 1169
1 12 1 654
4 12 1 80 3 1 89 2 5 95 3 148 2 97 1 5 97 3 149 2 97
1 16 1 229
3 12 1 392 4 3 319 112 12 3 5 512 9 10 283 325
2 17 1 472 1 1 475
2 17 1 473 1 3 476 300 54
2 17 1 474 1 1 477
1 12 1 635
2 17 1 475 1 1 478
1 22 1 1904
2 12 1 155 4 2 507 872
1 22 1 1508
1 19 2 321 471
2 16 1 221 3 1 261
1 12 1 206
1 22 1 545
1 14 1 783
1 20 1 737
1 20 4 1809 125 3 2
1 17 1 1039
1 22 1 124
1 22 2 382 938
3 12 2 486 426 9 1 614 1 2 1265 176
1 13 1 409
1 21 1 1514
3 12 1 610 2 1 1525 5 1 1148
1 19 1 131
2 17 1 152 1 1 155
2 17 1 476 1 1 479
2 17 2 477 397 1 1 480
1 14 1 476
1 14 1 439
1 16 1 527
2 14 2 1204 187 5 1 124
1 22 1 1548
1 21 1 1206
1 20 1 1942
1 19 1 848
2 17 1 478 1 1 481
1 21 5 723 28 70 50 73
1 12 2 584 2
2 20 1 71 2 1 2149
1 12 1 537
1 22 1 1478
1 22 1 1200
1 18 3 636 118 240
1 21 1 392
3 16 1 820 5 5 497 114 319 369 152 1 2 1617 234
3 12 2 826 6 7 4 716 175 2 31 1 5 988 171 299 115 371
1 20 1 990
1 20 1 992
3 16 1 1509 3 1 758 2 2 712 927
1 19 1 265
1 19 1 293
1 19 1 170
4 13 1 159 4 1 479 1 1 482 2 2 1947 3
1 17 1 1259
1 16 4 285 2 2 2
2 12 1 555 10 1 1411
1 20 2 1461 492
1 14 1 1163
1 17 1 807
1 19 1 322
1 16 9 797 58 48 19 134 7 6 6 134
1 19 1 1031
3 14 1 869 1 1 200 1 1 295
1 21 1 1086
2 14 1 1182 7 5 245 319 75 220 205
1 20 1 1955
2 17 1 480 1 1 483
1 20 1 2475
1 18 1 780
1 20 2 1958 3
1 20 1 1965
1 20 7 1826 391 4 541 3 4 4
1 21 1 1347
2 17 1 766 3 1 994
1 18 1 806
2 14 1 425 7 1 359
3 16 1 71 1 1 74 1 1 76
1 17 2 985 153
1 18 2 991 17
1 20 1 1968
1 20 2 996 2
1 14 4 456 73 420 72
1 20 1 2777
1 13 1 318
2 17 4 382 476 241 3 1 4 385 238 282 20
1 21 1 1645
1 14 2 1220 187
1 14 4 489 43 424 68
2 16 1 1451 5 1 1844
1 20 2 1972 2
1 22 1 610
2 17 1 374 1 1 377
2 14 2 630 164 2 1 300
1 22 2 1602 114
1 20 2 1000 1780
2 13 1 407 1 1 1161
1 14 3 448 10 55
1 19 4 109 254 790 20
1 19 1 178
1 22 2 1300 194
1 16 1 275
1 19 2 887 196
2 16 1 188 4 1 1976
1 17 1 872
1 17 1 1197
1 14 1 708
1 12 1 988
1 21 1 1228
2 12 1 905 8 2 2156 3
1 20 2 1002 1781
1 20 10 1004 2 3 455 3 4 1315 3 4 4
1 22 1 1110
1 21 2 345 1011
1 21 2 1139 289
5 12 39 139 64 2 2 2 2 16 2 2 2 2 2 2 2 2 2 2 2 2 2 2 2 2 2 2 2 2 2 2 2 2 2 2 27 192 22 230 3 100 1 4 116 5 293 28 1 65 103 13 27 2 2 80 2 2 3 14 36 14 2 2 19 18 59 2 158 19 83 34 72 61 2 104 45 67 2 153 5 5 4 4 3 15 6 4 10 14 12 35 9 13 5 43 5 5 4 4 3 4 31 3 4 18 8 1 2 3 2 2 12 13 3 1 13 25 98 2 5 5 12 49 149 7 42 7 53 23 5 2 1012 463
1 15 1 446
1 15 1 434
1 15 1 502
1 15 1 495
1 15 1 504
1 15 1 128
1 13 1 447
1 15 1 428
1 15 1 507
1 15 1 453
1 18 1 671
1 20 4 1455 50 474 720
11 12 1 52 1 1 51 1 1 50 1 1 52 1 1 49 1 1 52 1 1 54 1 1 53 1 1 49 1 1 52 1 1 48
1 18 1 882
3 19 1 471 1 1 1790 2 5 1098 124 638 123 6
1 20 3 1014 1787 4
1 20 1 2810
1 20 10 430 3 584 2 1043 4 442 305 3 4
1 16 1 335
1 21 1 1346
1 22 2 667 482
1 16 1 338
1 15 1 164
1 15 1 400
3 14 1 624 3 1 481 1 1 484
3 12 1 851 4 1 1322 6 2 1975 121
2 17 19 209 5 6 9 3 151 1 2 2 5 7 432 21 40 56 16 180 3 113 1 11 212 5 6 9 3 151 1 2 2 5 7
1 16 7 568 7 69 3 102 146 4
1 16 1 219
1 19 1 224
5 12 1 232 4 1 386 1 2 144 4 1 2 147 4 4 1 650
6 12 1 678 4 2 273 1195 1 40 530 5 5 5 5 5 5 5 5 5 5 5 5 5 5 5 5 5 5 5 5 5 5 5 5 5 5 5 5 5 5 5 5 5 5 5 5 5 5 5 1 15 535 5 5 5 5 5 5 5 5 5 5 5 5 5 5 1 1 1150 3 1 414
4 15 21 107 8 27 15 14 12 8 88 22 15 13 28 3 8 6 5 9 7 17 54 51 1 2 757 3 5 1 1510 1 4 347 282 1115 293
1 15 1 29
1 19 1 193
1 16 2 184 1031
3 12 1 997 5 1 762 2 2 122 962
2 21 2 433 518 1 4 900 70 22 664
2 21 5 132 60 162 615 7 1 9 194 2 3 633 62 3 152 144 141
1 21 1 1738
2 21 1 1392 1 1 943
1 16 1 1281
5 14 1 1358 2 1 432 1 2 768 248 2 1 254 3 2 1153 70
1 22 1 1460
1 14 3 647 26 16
1 14 1 470
4 17 7 27 95 10 395 749 6 2 1 7 27 97 11 395 575 6 2 2 1 79 2 2 26 111
1 19 1 168
1 14 4 644 22 104 40
3 14 1 327 5 3 807 62 253 3 1 2013
1 22 1 779
10 12 1 885 2 3 427 75 351 1 1 553 1 3 156 273 516 1 2 846 203 1 2 678 63 1 2 260 195 1 1 1982 1 7 128 372 5 410 621 29 53 1 5 421 758 236 276 106
1 21 1 356
5 12 1 316 2 11 146 84 71 98 160 102 167 218 432 14 14 1 2 131 194 3 1 813 3 1 1815
2 15 1 136 6 1 1814
1 15 1 406
1 15 1 340
1 22 1 385
1 15 1 492
1 14 3 629 164 380
1 14 5 242 37 263 18 81
4 12 6 523 70 27 21 27 27 1 10 30 84 39 8 3 57 149 5 5 8 1 18 29 71 62 45 32 38 84 18 28 127 11 18 76 45 127 141 74 145 1 6 119 61 162 12 17 150
1 21 1 31
5 12 1 830 1 1 436 1 1 1449 2 1 344 5 2 735 101
1 14 1 626
2 17 9 26 95 10 20 375 749 5 1 2 1 9 26 97 11 20 375 575 5 1 2
2 17 1 482 1 1 485
1 12 1 834
2 17 1 483 1 1 486
1 21 1 1416
1 12 1 453
1 21 1 901
1 13 1 195
4 12 1 198 2 1 1128 5 2 970 30 2 1 1020
1 21 2 1531 12
1 12 1 452
1 22 1 1946
1 21 1 471
1 21 1 407
1 21 1 377
1 22 19 277 3 8 7 7 9 3 8 51 507 8 15 42 129 86 209 130 34 234
1 21 1 1302
1 13 1 99
1 20 4 1984 4 3 5
1 21 1 1161
2 12 1 355 4 2 346 923
1 16 1 877
1 12 1 681
1 14 3 897 68 124
1 21 1 1476
1 21 1 1746
1 20 1 1021
2 12 1 469 4 1 331
1 21 1 360
2 21 1 763 1 1 527
3 19 1 875 2 1 621 1 1 807
1 12 1 920
1 20 10 2498 5 216 4 5 6 5 4 8 4
1 19 1 839
2 19 2 506 669 1 5 1478 3 4 4 3
1 12 2 66 5
1 20 2 1842 158
1 21 2 1681 5
1 19 1 1137
1 19 1 682
1 16 1 186
1 21 1 1664
1 16 1 353
1 16 1 141
2 21 1 1318 1 1 691
1 21 1 299
3 14 1 288 2 1 329 5 1 1033
1 15 1 28
1 14 1 1349
4 12 1 128 5 1 761 4 1 965 1 3 1209 196 63
2 14 2 123 1378 7 2 404 208
2 16 1 1499 5 1 513
1 21 2 310 948
1 20 1 740
11 12 1 61 1 1 60 1 1 59 1 1 61 1 1 58 1 1 61 1 1 63 1 1 62 1 1 58 1 1 61 1 1 57
3 12 1 646 2 1 419 6 1 2004
2 17 1 484 1 1 487
1 16 2 354 829
6 12 1 559 2 5 107 610 154 23 206 2 4 641 22 7 15 3 1 553 2 3 206 13 102 1 4 1012 652 273 168
1 19 1 595
3 13 2 433 19 1 3 245 78 22 6 3 922 26 75
1 13 3 443 2 5
2 17 1 485 1 1 488
3 14 2 786 230 2 1 426 6 2 518 1118
2 21 15 89 31 21 29 267 72 37 44 148 31 255 124 19 78 64 1 5 901 427 61 224 226
1 12 1 318
2 17 1 486 1 1 489
1 13 2 93 5
1 20 2 1025 471
4 14 2 713 424 6 1 2009 1 1 692 1 2 855 9
1 19 1 342
1 21 1 26
2 20 4 2011 2 3 3 2 1 183
4 14 1 170 2 3 1431 5 8 4 2 2022 264 2 2 1029 655
1 18 1 846
1 21 4 156 552 574 149
2 12 1 829 9 2 1684 8
2 16 1 404 6 1 959
2 12 1 354 9 1 1438
1 17 1 921
1 17 8 889 171 94 3 8 26 21 31
1 14 1 1141
1 12 1 1004
1 22 1 1639
1 19 1 256
1 16 1 1427
1 21 1 311
2 16 1 115 6 1 831
1 22 1 767
2 12 1 368 2 1 1532
1 17 1 1238
2 12 1 240 4 1 367
2 15 1 77 7 2 98 7
1 22 1 1967
1 22 1 1435
3 17 1 523 1 1 526 1 1 837
2 17 1 242 1 1 245
1 21 1 450
2 17 1 487 1 1 490
7 14 1 1174 1 1 201 1 111 104 3 6 263 64 325 4 2 3 4 5 5 3 4 7 6 6 4 4 4 4 4 4 4 4 4 6 6 3 3 5 6 3 4 4 3 4 4 6 5 4 4 7 3 5 6 6 4 4 5 4 4 4 4 7 7 7 7 7 7 8 8 8 4 4 4 5 6 6 6 4 5 5 5 5 5 5 5 5 4 4 4 4 4 4 4 4 4 8 8 8 3 6 4 4 4 5 4 6 5 10 6 6 6 5 6 5 21 8 34 82 1 1 730 1 1 610 1 1 1163 3 1 1994
1 16 1 617
2 16 9 101 359 39 81 62 3 3 4 536 5 11 160 1133 157 17 157 12 22 2 29 29 5
1 21 3 181 266 35
1 16 1 369
1 16 4 459 39 78 613
1 16 5 102 431 33 3 2
1 16 1 357
1 14 3 537 444 48
1 21 1 1792
2 17 1 488 1 1 491
1 16 8 878 104 7 7 7 7 7 429
1 20 1 1139
1 14 1 1431
1 17 1 1208
2 17 1 365 1 1 368
1 15 2 248 172
1 22 2 630 1115
7 14 1 1428 1 1 550 3 2 902 69 1 1 1037 1 1 743 1 1 703 1 1 1380
1 20 1 746
1 14 1 1101
1 17 1 932
1 13 3 140 4 5
1 19 1 1155
1 16 2 896 4
2 13 1 89 9 3 77 51 12
2 12 1 982 4 1 454
1 17 1 1025
1 16 4 162 1000 8 8
1 16 1 170
2 16 6 861 43 154 6 6 6 5 1 173
1 16 1 360
11 12 1 29 1 1 33 1 1 32 1 1 34 1 1 31 1 1 34 1 1 36 1 1 35 1 1 31 1 1 34 1 1 30
3 16 2 806 394 3 1 283 2 1 1457
1 20 3 1499 4 1320
1 22 1 1464
1 21 1 1172
6 12 1 652 1 1 28 6 3 760 218 76 1 1 749 1 1 1598 1 3 1083 392 65
1 21 1 543
3 13 1 213 4 1 241 1 3 244 673 5
3 14 1 982 7 1 981 1 1 1949
1 22 3 2024 31 14
1 19 1 767
1 12 1 755
1 16 1 1361
1 14 1 593
1 21 1 1602
4 16 1 1356 4 2 2028 2 1 1 667 1 1 1412
1 20 1 2025
2 21 6 98 2 2 1722 2 2 1 1 1990
1 16 1 1156
1 22 1 662
2 17 1 489 1 1 492
1 12 1 65
1 19 1 478
2 21 1 1209 1 2 676 30
1 22 1 1971
1 20 9 111 296 620 2 479 719 226 374 3
3 15 3 332 16 107 3 4 659 66 11 54 4 3 378 99 331
1 22 3 265 571 1190
1 15 1 491
1 15 1 486
3 14 2 78 12 5 1 83 2 1 28
1 18 1 722
1 15 1 487
1 22 1 1423
1 18 1 1054
6 14 2 683 804 1 3 190 123 106 3 4 656 63 116 24 2 2 752 1281 1 2 1164 72 1 3 264 570 638
1 19 1 235
2 17 1 397 1 1 400
1 20 2 1031 1802
1 21 1 642
2 14 1 83 5 1 75
1 20 3 2036 2 3
1 14 1 1414
1 22 1 2081
1 16 1 371
2 16 2 1283 40 6 1 1447
1 19 1 547
1 16 2 932 113
1 19 1 909
3 14 3 677 77 94 5 1 787 3 1 2120
1 13 1 435
1 19 1 660
1 14 1 1164
1 21 3 939 60 105
3 12 1 582 2 2 409 566 1 3 286 6 6
1 12 1 866
1 17 1 984
2 12 1 434 4 3 452 821 32
2 16 1 859 2 1 712
2 17 1 490 1 1 493
1 21 1 1571
1 16 1 268
2 21 1 295 1 1 217
1 21 1 1550
1 15 1 537
1 22 1 99
1 15 1 540
1 16 1 510
1 16 1 1243
2 12 1 315 10 1 389
2 17 1 491 1 1 494
1 16 1 435
1 20 1 2836
1 15 1 444
1 15 1 524
1 12 1 301
2 17 1 492 1 1 495
1 22 4 1137 95 144 270
1 22 3 443 120 153
1 20 1 1685
1 21 4 176 159 190 372
5 12 1 792 2 1 1176 5 2 353 811 1 2 379 730 1 2 122 1366
2 14 40 118 14 16 6 58 20 55 16 39 475 13 8 16 20 19 23 28 26 19 17 180 41 5 7 4 4 12 14 12 8 4 18 5 9 13 5 9 9 109 11 1 1 338
1 12 1 562
1 14 1 1423
1 20 1 2839
1 19 1 894
7 12 2 163 738 2 2 76 1048 2 1 805 1 1 844 1 2 1023 5 1 1 290 1 1 76
1 18 1 970
1 15 1 74
1 14 2 1231 81
1 16 1 687
1 22 1 1454
1 18 1 968
1 20 2 2044 2
1 21 1 317
4 16 1 1406 4 2 1033 2 1 1 1784 1 1 1514
1 19 1 717
2 21 2 1194 55 1 1 1416
1 12 1 146
1 20 5 1173 10 22 223 23
1 21 1 1449
1 14 1 1127
1 20 4 455 839 1253 296
1 19 2 279 244
1 18 1 766
2 18 2 686 162 2 2 755 3
1 20 1 2049
1 19 1 134
1 14 1 438
1 22 1 437
2 16 2 239 6 6 1 2017
1 16 1 139
1 22 2 1619 140
1 22 2 237 6
3 13 1 472 1 1 1504 1 1 539
2 13 1 63 7 1 89
1 22 1 1906
1 17 1 1024
3 12 2 685 31 6 1 952 1 1 535
1 21 2 547 437
1 22 1 1227
1 19 1 1061
2 13 1 182 6 3 625 316 69
5 13 1 185 1 1 607 2 1 1387 2 2 815 121 1 6 378 25 84 470 26 210
1 19 1 143
1 19 1 141
1 19 1 779
1 19 1 167
1 16 1 1377
1 19 1 302
1 18 2 639 301
1 17 1 848
1 12 1 441
1 14 1 1524
1 16 1 471
1 16 1 1456
1 12 1 400
2 14 1 715 8 1 512
1 22 1 1649
1 14 1 1185
1 12 1 322
3 15 1 229 4 1 399 3 1 1853
1 16 2 202 25
2 15 1 309 4 1 1145
1 16 1 1497
1 22 1 115
2 21 1 1287 1 2 804 921
2 21 2 698 1092 1 2 642 1294
1 20 5 1037 474 884 4 447
1 16 3 1022 8 8
1 22 1 1905
1 12 1 1001
2 17 2 398 664 1 1 401
1 16 1 375
1 16 1 378
1 20 1 974
1 20 1 761
1 20 1 2052
1 19 1 421
1 16 4 550 47 113 605
1 12 2 143 101
1 12 1 964
2 19 1 932 1 1 2055
1 21 1 1472
1 12 10 112 8 3 3 73 141 22 8 109 21
1 12 1 40
1 12 1 37
1 19 1 327
1 12 1 288
2 13 1 439 9 2 1000 19
1 22 1 1231
1 22 1 1306
1 15 1 451
2 16 1 398 5 1 510
1 12 1 248
2 17 6 219 180 531 9 65 33 1 2 222 180
2 17 1 493 1 1 496
1 21 7 226 643 184 20 138 139 19
1 14 1 1309
1 21 1 1085
1 21 1 706
1 22 1 1374
1 20 2 1039 2
1 16 4 962 4 4 4
1 20 2 1298 219
1 20 1 1514
2 17 2 376 118 1 2 379 118
1 16 1 187
3 16 1 85 1 1 88 1 1 90
2 17 2 344 58 1 2 347 58
1 17 1 835
1 22 1 833
1 20 1 2849
1 20 10 1520 538 5 305 4 481 3 4 4 5
1 12 2 167 33
1 22 1 665
2 19 1 578 1 1 2067
1 21 1 1480
2 14 3 121 1370 5 8 2 1754 320
1 21 2 1046 31
3 14 8 198 3 68 3 97 3 153 630 2 1 1274 6 11 633 273 152 232 299 159 167 61 46 75 39
1 22 1 1925
2 17 1 782 4 2 493 179
1 15 1 429
1 21 1 287
3 16 3 555 47 113 3 2 646 180 2 3 1123 39 231
1 16 1 467
2 12 1 650 4 3 545 47 113
2 21 1 405 1 2 439 120
1 16 1 1459
1 15 2 163 236
1 22 2 1059 373
1 13 1 461
1 20 1 764
4 12 2 791 63 2 5 619 155 401 85 112 5 1 365 2 2 970 21
2 16 1 382 4 65 322 50 14 3 27 4 7 17 78 4 10 54 177 3 240 34 2 176 19 4 110 11 71 35 51 3 37 220 286 4 4 4 66 4 71 178 7 26 4 30 4 13 9 19 24 7 67 10 7 7 30 7 40 19 40 24 4 9 10 49 7 3 13 35 21
1 20 2 773 3
1 13 1 152
1 22 9 369 24 239 273 152 232 299 159 167
1 22 1 247
11 12 1 46 1 1 45 1 1 44 1 1 46 1 1 43 1 1 46 1 1 48 1 1 47 1 1 43 1 1 46 1 1 42
1 21 1 1709
1 14 1 181
1 16 1 1416
1 19 1 989
1 21 1 902
1 16 1 1304
2 12 1 776 10 1 1586
1 22 1 134
1 21 1 217
2 21 1 1445 1 2 299 28
1 21 4 97 252 1176 298
1 19 1 1119
1 19 1 187
1 19 1 160
5 12 2 630 28 2 1 1522 1 2 349 58 4 1 981 3 2 1301 815
1 12 1 578
1 21 3 1144 25 221
5 12 1 138 2 3 512 339 62 1 1 493 3 2 698 33 3 1 1769
1 12 1 411
1 22 1 492
1 16 2 911 354
1 22 1 356
2 14 1 892 8 1 655
1 21 1 1101
1 16 1 222
1 16 1 1440
1 16 1 122
1 12 1 442
2 17 1 495 1 1 498
2 12 1 995 8 9 642 201 35 1207 4 3 3 4 3
1 20 5 530 249 3 81 3
1 21 1 1637
1 21 1 1662
1 22 1 1001
3 14 1 663 7 6 342 131 226 76 36 98 1 1 1322
1 12 1 133
1 19 1 1142
1 21 1 1291
1 21 1 1234
1 21 1 637
2 19 2 397 255 3 3 258 107 1152
6 13 1 484 2 1 548 2 1 1279 1 1 1108 1 1 1213 2 2 1651 196
1 14 1 423
1 17 2 1032 114
1 16 1 1447
3 12 1 367 2 1 1531 8 1 1781
11 12 3 6 47 321 1 2 6 46 1 2 6 45 1 2 6 47 1 2 6 44 1 2 6 47 1 2 6 49 1 2 6 48 1 2 6 44 1 2 6 47 1 2 6 43
2 14 1 941 8 1 1072
1 20 1 2879
1 22 1 799
4 14 1 1502 2 2 420 19 1 1 826 5 2 624 205
1 19 1 164
3 14 2 172 618 7 3 531 36 1058 1 2 607 1533
3 17 1 828 2 1 287 2 1 504
1 15 1 267
7 12 2 310 1 2 31 115 272 14 635 12 147 6 5 5 4 4 3 151 9 6 5 5 4 4 3 4 8 9 4 6 4 3 4 7 22 17 1 3 365 1 76 3 4 653 36 84 50 2 6 785 3 260 481 3 1350 1 3 104 1386 342 1 3 917 563 447
1 15 1 335
1 15 1 479
1 21 1 1327
1 16 1 785
2 19 1 509 1 2 2105 3
1 17 1 1251
1 16 1 265
1 17 1 810
2 13 1 243 1 8 126 31 48 444 30 31 97 480
8 12 1 420 1 1 483 2 1 547 1 1 384 1 1 1278 1 1 1107 1 1 1212 2 2 277 1569
2 17 1 496 1 1 499
1 14 1 1369
1 13 1 422
2 19 1 1113 2 1 495
1 20 1 2112
1 22 1 359
1 20 11 107 2009 5 4 3 4 4 4 4 4 4
1 22 4 1115 228 504 43
1 22 1 535
1 19 2 832 241
1 17 1 1064
1 22 2 452 691
1 16 1 385
2 13 1 73 7 2 2155 3
1 22 1 1033
3 13 1 207 8 1 676 1 1 1053
3 16 1 387 1 1 497 1 1 500
1 12 1 165
1 15 2 440 7
2 17 1 157 1 1 160
1 21 1 286
1 21 1 1182
1 20 1 1050
1 12 1 989
2 17 1 499 1 1 502
2 17 1 500 1 1 503
1 13 1 76
2 17 1 498 1 1 501
2 17 1 337 1 1 340
2 17 2 25 115 1 2 25 118
1 12 1 865
1 16 2 775 501
1 14 2 1254 26
3 12 2 991 2 1 1 280 9 1 1634
1 12 1 870
1 22 1 1215
1 20 1 2162
1 22 1 1704
1 17 1 1045
1 14 1 1322
2 17 1 501 1 1 504
1 12 1 909
3 19 1 407 2 6 441 132 79 62 720 5 1 1 1210
1 16 1 260
1 14 1 1224
4 16 1 1389 3 1 375 1 4 646 145 3 53 1 1 972
2 17 1 502 1 1 505
1 21 1 106
1 13 1 94
1 15 1 460
1 20 1 797
1 22 1 985
1 22 1 1175
1 19 1 237
1 21 1 1521
1 21 2 845 369
3 13 1 187 4 1 503 1 1 506
1 20 4 1052 483 1350 3
3 13 8 133 158 13 8 10 17 13 13 1 1 190 7 1 1694
4 16 1 226 1 1 772 4 2 514 396 1 1 2091
2 17 1 126 1 1 129
1 21 1 1659
2 17 1 127 1 1 130
1 16 1 929
1 22 1 1549
1 22 1 1030
2 14 1 1064 2 1 395
1 14 4 252 24 296 66
1 13 2 250 113
1 19 1 396
2 17 1 504 1 1 507
1 20 1 2892
1 12 1 737
1 17 1 1011
1 20 2 685 116
1 20 3 2647 4 244
1 16 1 892
1 20 1 1102
1 12 1 557
1 15 1 498
1 19 1 304
1 14 1 1140
2 17 1 357 1 1 360
2 14 2 1199 187 7 2 281 101
1 22 2 1916 47
1 21 1 1018
1 21 8 151 430 218 51 72 33 197 66
1 22 4 519 137 295 684
8 12 2 151 7 1 3 124 3 5 1 2 505 998 1 2 126 282 1 1 419 3 1 129 2 2 91 544 1 2 810 2
1 12 1 160
1 13 1 313
2 17 1 505 1 1 508
1 22 1 1707
1 22 1 1131
1 22 1 1081
3 16 1 424 5 1 1759 1 2 736 269
1 19 1 138
3 14 1 184 1 14 111 35 15 26 8 83 5 22 19 40 19 10 23 97 4 1 183
1 15 1 378
1 15 1 320
1 15 2 175 295
1 14 1 185
1 19 1 739
1 21 2 1213 298
2 17 2 445 377 1 1 448
5 12 2 504 348 1 1 218 2 2 168 295 1 4 210 228 178 874 6 1 611
1 14 1 594
2 12 1 672 2 2 335 662
2 14 1 319 8 2 935 797
1 22 1 1103
2 17 1 325 1 2 328 561
2 12 1 157 4 2 106 664
1 12 1 933
1 19 1 1044
1 20 2 2166 2
1 21 1 838
1 20 2 97 22
1 20 1 2170
1 20 3 2173 3 3
4 12 1 471 1 2 386 4 1 2 133 84 2 1 327
2 14 4 166 484 30 60 7 1 1797
2 21 1 1766 1 2 1186 19
1 19 1 395
10 12 1 62 2 1 69 1 1 71 1 1 68 1 1 71 1 1 73 1 1 72 1 1 70 1 1 71 1 2 67 25
1 17 1 925
4 12 1 766 1 1 261 6 1 1203 3 2 631 1115
1 19 1 340
1 17 2 963 218
1 17 1 1129
3 13 1 71 7 2 925 3 2 3 73 49 10
2 21 1 202 1 1 835
1 12 2 727 164
11 12 1 31 1 1 35 1 1 34 1 1 36 1 1 33 1 1 36 1 1 38 1 1 37 1 1 33 1 1 36 1 1 32
1 12 1 628
2 15 1 132 4 1 1140
1 21 2 1680 5
2 17 6 223 14 157 365 248 142 1 3 226 14 157
1 22 1 567
1 21 1 792
1 22 2 1387 37
1 12 1 960
1 12 5 187 2 2 2 2
1 21 1 1513
1 17 1 815
1 17 1 823
2 12 1 323 8 3 1054 2 616
1 12 1 1010
1 21 1 1697
1 22 1 1120
5 12 1 618 1 1 449 3 2 629 873 3 1 469 3 1 1324
1 12 1 935
1 19 2 1097 26
2 13 1 342 9 1 963
1 21 1 1520
2 17 1 129 1 1 132
1 19 1 812
3 16 1 523 3 2 1109 22 2 1 1348
1 14 1 453
1 17 1 961
3 15 1 137 1 2 807 394 5 1 1810
1 20 1 2183
1 22 1 1796
1 21 1 877
2 14 1 337 2 1 307
1 19 1 475
1 16 1 514
1 21 1 1754
4 14 3 877 5 42 2 2 472 201 5 1 623 1 2 1932 127
1 12 2 794 101
1 22 1 1078
4 12 5 352 34 5 7 16 1 1 474 3 3 118 1227 59 6 2 167 642
2 20 2 28 62 1 1 1839
2 12 2 707 21 9 2 1181 451
1 21 2 657 144
1 21 1 1130
1 20 1 1058
1 22 1 1407
1 19 2 132 4
2 17 1 506 1 1 509
1 21 1 895
1 21 1 463
1 21 1 30
1 22 1 1438
1 16 2 445 802
1 19 1 374
2 20 2 2186 3 1 1 1141
1 22 1 1207
2 17 1 507 1 1 510
1 17 1 994
1 19 1 904
1 20 2 2192 3
1 21 1 806
1 16 3 1024 8 8
1 22 1 1510
1 20 1 1669
1 19 1 1027
2 14 2 1179 85 8 2 204 960
1 22 2 654 1117
1 19 3 872 45 74
1 12 1 683
1 21 1 484
1 12 1 665
1 12 2 647 52
1 13 1 454
1 21 1 548
1 21 1 194
1 14 10 384 20 135 94 165 16 27 110 62 18
1 14 2 447 508
1 13 1 145
1 20 3 1060 478 1360
2 13 1 309 6 1 269
1 19 1 267
1 19 2 789 2
1 12 1 968
1 20 1 1062
2 19 1 120 3 1 628
2 21 2 1526 316 1 5 515 364 76 445 136
1 21 1 25
1 22 2 1095 83
1 20 1 2901
1 16 1 849
1 18 3 665 139 81
5 14 1 1123 3 1 391 1 1 394 2 1 2199 1 3 589 132 1095
1 18 1 705
2 17 1 1018 4 2 744 339
1 14 2 1180 85
1 13 1 428
2 13 1 244 1 3 127 31 1130
1 16 12 574 5 72 4 100 8 19 70 71 156 5 137
1 22 1 1876
1 20 3 118 946 2
1 19 2 621 64
1 12 1 293
4 16 1 400 1 6 269 3 15 116 3 102 1 6 272 3 15 116 3 102 2 1 2113
1 21 2 111 1
1 21 1 189
1 20 2 93 1448
1 22 1 68
1 16 3 860 66 8
1 21 1 1576
2 17 1 128 1 1 131
2 17 1 509 1 1 512
3 16 6 161 3 997 8 8 80 1 1 340 1 1 343
1 22 1 121
1 20 2 2202 5
1 17 2 1013 145
1 12 1 916
1 21 4 545 303 99 284
1 21 1 593
4 13 3 220 149 29 1 10 161 77 18 104 206 62 63 10 78 16 1 3 118 37 365 6 1 229
1 20 3 2211 3 4
1 20 1 1069
2 14 1 833 3 1 796
2 17 1 511 1 1 514
1 16 1 1501
2 21 2 773 882 1 9 893 186 49 180 110 113 13 377 203
2 14 1 1505 2 1 511
1 14 1 769
1 21 1 1403
1 22 2 222 63
1 19 1 796
1 16 1 1486
1 21 1 918
1 20 2 2203 5
1 19 1 194
1 12 1 814
2 12 1 729 10 1 1859
1 19 1 157
3 13 1 232 3 1 403 5 1 1295
3 12 1 327 7 1 564 3 2 276 129
2 14 1 737 8 1 1255
1 21 1 1311
1 16 1 343
1 15 1 529
1 12 1 224
1 14 1 1419
2 21 4 1483 35 19 12 1 1 781
1 20 10 458 3 18 592 231 921 2 326 354 3
1 17 2 938 293
1 17 1 1265
2 12 1 606 4 1 635
1 21 2 421 842
1 16 1 620
2 16 1 940 3 1 1118
3 14 1 1168 5 1 1093 2 1 146
1 22 2 939 458
1 22 2 761 1014
2 14 1 1065 3 1 798
3 19 6 456 82 71 10 21 3 1 1 1544 2 1 1585
1 20 2 313 5
2 12 1 313 4 1 396
1 14 1 709
1 13 1 456
2 17 1 408 1 1 411
2 17 1 295 1 1 298
2 16 1 638 3 1 144
1 18 1 28
2 17 1 512 1 1 515
2 19 1 606 3 3 2008 95 36
1 12 2 319 161
1 22 1 690
1 19 1 995
1 21 1 1372
1 22 1 1007
1 12 1 590
1 15 1 216
3 19 3 715 35 145 1 5 1547 681 3 4 4 2 1 1833
1 19 1 458
1 22 1 830
1 12 1 808
1 22 1 1125
1 20 1 2243
1 19 1 227
1 19 1 276
3 17 9 300 109 2 4 3 3 3 3 3 1 11 303 109 2 4 3 3 3 3 3 600 64 3 2 200 797
1 18 2 920 12
1 14 1 1112
1 21 1 1081
1 14 1 707
3 19 1 635 1 1 807 2 4 657 489 5 73
2 19 1 1206 1 1 804
1 19 1 332
4 14 1 1465 5 1 730 2 4 88 31 21 420 1 1 1052
1 21 1 1013
1 16 1 677
1 15 1 209
1 22 1 1944
2 15 1 266 2 1 825
1 20 1 689
1 21 2 223 902
2 17 1 771 5 1 1518
1 21 1 608
1 18 1 683
2 17 1 513 1 1 516
2 17 3 240 57 137 1 3 243 57 137
1 22 1 1561
1 15 1 386
1 20 2 1073 1173
1 20 3 2249 2 3
1 20 2 693 117
1 16 4 485 639 4 78
1 19 1 297
1 19 1 301
1 15 2 197 111
2 17 1 437 1 1 440
1 20 4 1075 475 1224 137
2 12 2 168 33 9 4 227 676 152 62
1 16 1 233
3 14 9 28 175 71 100 153 109 167 216 138 2 1 243 3 3 29 314 833
1 15 1 83
1 21 1 887
1 14 2 1178 85
7 13 1 239 1 2 1207 187 1 1 242 1 1 421 1 1 805 4 1 595 1 1 1043
3 14 2 422 166 2 1 1401 5 3 258 202 777
3 14 1 1360 1 1 373 1 1 290
1 17 1 982
1 22 1 1466
11 12 1 34 1 1 22 1 1 22 1 1 22 1 1 22 1 1 22 1 1 22 1 1 22 1 1 22 1 2 22 202 1 1 22
1 20 2 1553 1361
1 21 1 422
1 19 1 1095
1 17 1 915
2 17 3 196 244 374 1 2 199 244
1 14 4 646 23 103 33
2 17 1 251 1 1 254
2 17 3 884 172 61 1 1 986
3 17 1 377 1 1 380 3 2 585 215
1 14 3 1251 26 93
1 16 1 292
1 19 1 163
1 21 3 892 39 369
1 16 8 198 211 722 4 4 4 4 4
1 16 1 800
1 21 1 815
2 12 1 697 9 1 1803
1 20 2 2257 5
1 22 1 772
1 14 3 536 444 48
3 13 2 128 342 3 1 293 6 1 2153
1 22 1 744
2 17 1 354 1 1 357
2 13 1 273 1 1 501
1 21 1 810
1 22 1 2079
2 18 1 796 4 1 577
11 12 1 84 1 1 66 1 2 95 1440 1 1 105 1 1 97 1 1 116 1 1 118 1 1 91 1 1 85 1 1 80 1 2 148 1901
2 16 1 1491 5 1 1592
1 16 2 167 790
1 12 1 43
2 12 2 287 219 2 2 621 171
1 19 1 1029
1 19 1 1101
2 14 3 875 20 27 5 1 705
1 14 1 919
1 21 2 284 36
1 22 1 1930
1 22 2 160 12
1 22 2 25 111
1 22 1 125
1 22 1 1551
1 21 1 444
1 14 1 417
1 14 1 662
1 21 3 84 31 21
1 13 3 271 19 13
1 14 1 998
1 12 1 978
1 17 1 1098
1 17 1 1020
1 14 1 1420
1 22 1 969
1 16 12 801 260 6 6 7 5 10 5 5 5 5 5
1 21 1 1671
4 14 4 111 67 918 2 1 1 555 4 1 211 2 8 305 108 89 529 93 39 231 407
1 12 1 78
1 14 1 1352
1 19 1 1022
1 14 2 1177 85
2 16 2 262 86 4 1 813
1 21 1 1603
1 21 1 814
3 13 2 129 5 1 2 332 20 5 1 743
1 14 1 731
1 17 1 1199
3 16 2 532 150 3 1 881 2 1 1325
1 14 1 1076
1 21 1 885
1 22 1 1310
1 17 1 958
1 21 1 702
1 19 1 162
4 12 2 921 45 2 1 900 2 3 558 47 113 6 1 2142
1 16 1 798
1 15 1 533
1 17 1 1015
2 14 2 1452 7 6 2 824 77
1 18 1 1087
1 20 3 1077 479 1361
3 19 2 196 503 2 1 1485 1 2 475 891
1 14 1 1135
1 22 1 1713
1 17 2 941 36
1 20 1 931
2 17 1 514 1 1 517
1 12 2 67 5
2 17 4 270 3 131 3 1 4 273 3 131 3
1 21 2 1137 216
1 12 3 756 1 10
1 17 1 1210
1 20 1 1625
1 14 1 1517
1 20 1 2296
2 16 2 152 1369 5 1 1021
1 15 2 271 88
4 12 3 286 529 48 1 1 415 1 32 117 13 14 8 58 18 7 50 14 41 841 56 15 5 4 5 5 7 5 8 4 11 7 5 9 9 4 5 9 9 8 112 1 10 112 1 35 31 106 3 65 127 34 1
1 15 1 474
1 12 1 222
1 21 1 1243
1 21 1 1010
1 17 13 779 108 40 18 24 2 21 50 9 38 18 112 39
1 18 1 1022
1 22 1 575
1 15 29 108 8 27 15 14 12 8 85 3 22 15 4 10 3 2 15 7 3 8 6 5 9 7 17 12 42 41 2 8
1 15 1 31
1 15 2 178 295
1 15 1 330
1 21 1 606
11 12 1 15 1 1 15 1 1 15 1 1 15 1 1 15 1 1 15 1 1 15 1 1 15 1 1 15 1 1 15 1 1 15
1 16 3 881 4 4
1 21 2 830 32
2 13 1 285 1 7 209 28 44 267 20 75 651
4 12 1 539 1 1 237 6 1 446 3 1 737
1 16 1 939
1 22 1 2086
1 22 3 79 51 12
2 15 1 450 1 4 235 129 13 11
2 21 2 591 168 1 3 326 204 465
1 16 1 810
1 21 1 647
2 17 4 432 83 353 2 1 6 435 83 112 281 5 68
2 16 1 205 3 1 533
1 20 11 1079 2 3 475 3 4 143 1161 50 3 4
1 12 1 285
1 19 2 119 122
1 19 1 820
2 17 1 516 1 1 519
1 21 1 1616
11 12 1 93 1 1 101 1 1 61 1 2 63 30 1 1 60 1 2 63 38 1 2 65 38 1 1 64 1 1 62 1 1 63 1 1 59
3 12 1 305 5 1 1084 1 2 904 91
1 18 1 910
1 18 2 982 79
2 14 1 727 8 3 216 957 56
2 12 3 312 220 85 1 6 117 5 246 64 12 4
1 21 1 1555
1 13 1 196
1 14 1 1223
1 16 1 1248
2 17 1 517 1 1 520
5 12 1 552 2 1 1072 2 1 661 5 7 188 20 7 46 39 416 4 1 2 675 630
11 12 4 5 44 34 130 1 4 5 43 17 32 1 3 5 42 47 1 3 5 44 55 1 3 5 41 50 1 3 5 44 66 1 3 5 46 66 1 4 5 45 40 673 1 3 5 41 38 1 5 5 24 20 30 837 1 3 5 40 102
1 12 2 38 726
1 21 1 408
2 12 1 260 10 2 895 720
2 17 1 1196 3 7 827 54 53 17 135 31 1184
1 15 1 252
1 14 1 1062
3 12 1 674 4 3 539 47 113 6 1 1897
1 21 1 632
1 14 1 601
1 14 2 491 368
1 19 1 402
2 15 1 86 7 1 120
1 22 15 185 10 37 8 289 27 40 84 88 95 36 12 56 225 139
1 22 1 1437
1 16 1 1510
3 12 1 861 9 1 1149 1 3 328 1592 203
1 22 1 1497
1 14 1 74
1 16 1 306
2 12 1 353 4 1 1359
1 21 1 599
1 21 1 1265
1 21 1 135
1 21 1 390
1 22 1 719
1 20 1 2303
1 16 1 310
1 21 1 327
2 17 1 234 1 1 237
2 12 1 558 4 1 436
1 16 1 777
1 15 1 138
1 18 1 938
1 13 1 459
2 13 1 230 9 1 1529
1 16 2 165 1093
11 12 1 35 1 1 23 1 1 23 1 1 23 1 1 23 1 1 23 1 1 23 1 1 23 1 1 23 1 1 23 1 1 23
1 12 1 758
7 12 2 436 573 1 1 468 1 2 1464 2 2 3 284 196 336 3 1 1200 2 21 82 12 15 4 18 60 162 79 59 113 26 56 92 190 127 14 84 82 65 480 18 1 4 449 14 1006 594
1 17 1 864
1 21 1 1112
1 19 1 339
6 12 1 694 4 5 1333 13 25 3 9 3 1 865 1 3 1814 6 486 1 5 873 50 34 38 349 1 2 165 1152
1 21 5 265 6 14 79 30
1 19 1 926
6 12 1 87 1 1 69 1 1 98 3 1 119 1 1 121 1 1 94
1 21 1 616
1 19 1 489
1 12 1 264
1 17 1 833
1 17 1 770
1 22 1 663
1 19 2 192 125
2 16 1 158 4 4 2309 2 2 3
1 16 1 681
1 19 1 647
8 12 1 74 3 1 73 1 1 90 1 1 109 1 1 111 1 1 84 2 1 73 1 1 90
1 21 1 959
1 14 1 575
1 12 2 102 7
1 14 1 1170
2 17 1 518 1 1 521
2 13 1 217 7 1 719
1 20 3 1569 750 2
2 18 1 855 3 2 1142 216
1 19 1 199
2 13 1 246 1 3 129 31 1130
1 16 1 414
1 14 1 488
1 21 1 1323
2 17 2 441 3 1 2 444 3
1 19 1 465
1 16 1 172
2 12 1 106 4 1 1292
1 19 1 149
1 21 1 324
1 22 1 789
1 14 1 263
1 22 3 627 70 72
2 17 2 255 192 1 2 258 192
6 15 3 284 22 175 2 3 800 1 44 1 1 739 1 1 1170 2 2 1492 343 1 1 400
1 15 1 129
1 15 1 150
1 21 1 625
4 14 8 139 84 71 99 162 102 167 218 3 40 533 5 5 5 5 5 5 5 5 5 5 5 5 5 5 5 5 5 5 5 5 5 5 5 5 5 5 5 5 5 5 5 5 5 5 5 5 5 5 5 1 15 538 5 5 5 5 5 5 5 5 5 5 5 5 5 5 4 2 1987 160
1 13 1 264
1 21 2 1575 259
1 14 1 947
1 15 1 456
1 21 2 267 73
2 12 1 302 10 1 476
1 21 1 378
2 19 1 969 3 1 699
1 21 2 837 701
1 16 1 1493
1 16 1 1511
1 22 1 1372
1 12 1 824
2 17 1 519 1 1 522
2 18 2 1089 2 2 1 1572
2 17 1 520 1 1 523
5 12 2 268 486 5 2 239 560 1 1 242 3 2 367 30 1 1 1169
1 22 1 104
1 13 1 75
1 22 1 1250
2 17 6 154 31 267 4 65 1 1 7 157 31 267 4 65 1 258
1 15 3 188 123 106
2 14 2 1209 187 2 1 1249
2 12 1 622 7 1 480
4 12 1 857 8 2 1088 1196 1 3 626 18 962 1 53 177 5 11 9 7 6 4 5 4 8 3 7 4 5 5 3 8 4 9 7 7 9 13 5 13 20 19 3 8 3 5 3 5 244 80 159 270 123 13 60 14 16 94 6 6 38 38 6 13 38 40 49 157
11 12 8 1 3 3 7 7 7 5 12 1 8 1 3 3 7 7 11 5 7 1 8 1 3 3 7 7 10 5 7 1 8 1 3 3 7 7 12 5 7 1 8 1 3 3 7 7 9 5 7 1 8 1 3 3 7 7 12 5 7 1 8 1 3 3 7 7 14 5 7 1 8 1 3 3 7 7 13 5 7 1 8 1 3 3 7 7 9 5 7 1 8 1 3 3 7 7 12 5 7 1 8 1 3 3 7 7 8 5 7
1 21 2 559 492
1 21 2 454 835
1 12 1 405
1 22 1 1842
1 16 4 1021 8 8 7
1 21 3 476 708 67
3 13 3 413 18 10 1 2 200 71 7 1 1425
2 19 1 853 1 1 1865
1 16 23 99 34 322 21 85 47 113 17 132 5 88 4 4 4 3 7 7 7 7 7 35 4 5
1 16 1 1483
1 16 1 251
3 12 1 689 2 1 524 2 2 516 903
1 21 1 1074
1 12 1 320
1 12 4 115 397 21 245
5 12 2 162 223 2 1 1469 2 1 1500 3 1 1162 3 1 811
1 12 2 68 5
1 12 1 774
1 17 2 1081 69
1 12 1 70
2 19 1 742 3 1 2144
1 19 1 330
5 13 1 81 4 1 75 1 1 77 2 9 830 21 239 2 3 3 1226 606 4 2 1 82
4 12 1 490 2 2 832 26 2 2 145 156 6 3 643 473 768
1 14 1 788
1 19 5 32 66 249 787 50
1 19 1 209
1 12 1 577
2 19 1 110 3 1 1577
5 12 2 648 28 4 1 503 3 6 102 4 10 935 141 23 2 3 587 142 447 1 1 1355
2 16 1 1213 6 3 310 3 8
1 16 3 1020 8 8
1 21 1 935
1 19 2 526 394
1 19 1 203
5 16 1 619 3 1 933 1 201 141 67 10 43 28 3 158 651 560 13 42 70 19 5 14 23 15 15 49 6 3 5 40 40 40 4 15 133 3 4 22 49 3 29 11 15 4 2 3 3 5 4 5 3 3 3 3 3 3 4 5 3 4 3 3 3 4 3 3 3 4 4 3 3 3 3 4 3 4 3 4 4 4 4 5 4 5 5 6 4 4 3 4 3 3 4 3 4 3 4 4 4 3 4 3 4 5 4 3 3 3 3 3 4 4 3 3 3 4 3 3 4 3 4 3 4 3 3 3 4 5 3 4 5 3 4 3 3 3 3 3 4 5 4 3 4 5 4 4 5 6 5 4 5 3 4 5 3 3 4 4 4 3 3 3 3 4 4 4 4 5 3 3 4 3 4 3 3 3 3 4 3 3 4 3 4 4 5 4 3 3 3 3 3 4 3 3 3 4 3 3 3 3 3 3 4 3 4 4 3 3 1 1 1179 1 1 1172
1 14 1 906
2 14 1 921 5 1 147
2 19 2 341 866 1 2 833 2113
1 21 1 891
1 16 1 1204
1 12 1 137
1 22 1 1458
1 13 1 254
1 20 2 1577 1361
1 15 2 207 203
1 17 1 1111
1 20 1 2956
2 14 2 363 18 8 2 170 996
1 22 15 513 136 38 257 120 68 102 51 306 36 93 30 16 40 66
1 20 1 2962
3 13 2 171 37 8 1 1683 1 1 1907
1 16 1 430
2 17 1 448 1 1 451
1 20 4 2965 4 5 4
1 17 1 1076
2 12 1 429 4 2 255 1137
1 13 1 316
1 19 1 1106
1 14 3 413 433 93
3 13 1 417 1 1 1303 7 1 416
2 21 3 1703 13 5 1 1 1443
1 20 1 2957
2 16 4 358 15 962 183 3 1 841
6 12 1 444 1 1 177 3 1 1437 1 1 784 4 2 896 828 1 1 1027
8 14 1 520 1 1 274 1 1 526 1 1 375 1 1 378 2 1 1104 1 4 1120 40 588 27 1 3 932 689 19
2 12 1 171 10 1 1667
1 22 1 2072
4 16 1 627 3 1 795 2 17 233 23 69 126 15 20 65 24 94 115 32 10 38 376 180 347 14 1 2 1467 474
1 14 1 748
1 16 1 347
1 21 1 926
1 16 1 1360
2 14 2 735 40 2 1 340
1 22 1 1566
9 12 1 763 1 1 25 1 2 25 60 2 1 25 1 5 130 766 3 264 78 1 1 133 1 2 25 52 1 1 25 2 1 101
8 12 5 64 5 32 171 639 1 2 91 4 1 2 75 7 3 3 197 156 171 1 3 200 156 171 1 1 74 1 1 75 2 1 91
1 12 1 32
2 17 3 265 12 3 1 4 268 12 3 715
1 16 1 950
1 22 1 106
2 14 1 89 5 1 82
1 19 1 38
6 12 1 645 2 5 418 47 295 475 34 1 1 430 1 1 157 5 3 1335 341 133 1 5 1198 46 430 63 194
1 17 1 1207
1 17 2 1033 37
1 19 1 670
2 21 1 693 1 2 934 920
1 17 2 1128 52
1 20 1 34
2 17 1 510 1 1 513
3 14 2 428 75 1 1 554 6 1 501
1 14 2 192 1048
1 16 1 946
1 12 1 280
1 18 1 990
1 20 2 330 776
1 16 1 34
